_%_%_%_%_%_%_%_%_%_%_%_%_%_%_%_%_%_%_%_%_%_%_%_%_%_%_%_%_%_%_%_%_%_%_%_%_%_%_%_%_%_%_%_%_%
Explicação do cabeçalho
Ks -> Tamanho de conjuntos dominantes analisados correspondente ao valor de Size(i)
Operacoes -> Número de operações correspondente ao par (K, Size)
Tempo -> Tempo de execução correspondente ao par (K, Size) 
Solutions -> Conjunto dominante minimo
Check_if_correct -> Verificar se é realmente um conjunto dominante, 1(V) 0(F) -1(se não foi encontrado nenhum set)
Nota: Na divisão -> Parâmetros correspondentes ao K que retornou solução <- caso exista o valor 0 nas variaveis Ks_solutions, Operacoes, Tempo, N_configurations, Solutions quer dizer que não foi encontra nenhuma solução (0 é o valor default) 
Nº máximo de configurações analisadas para cada valor de K = min(N_combinações, 1000);
Total Time: 4.129664182662964 (s)
_%_%_%_%_%_%_%_%_%_%_%_%_%_%_%_%_%_%_%_%_%_%_%_%_%_%_%_%_%_%_%_%_%_%_%_%_%_%_%_%_%_%_%_%_%


%Todos os parâmetros
P =0.125;
Size =[4, 5, 6, 7, 8, 9, 10, 11, 12, 13, 14, 15, 16, 17, 18, 19, 20, 21, 22, 23, 24, 25, 26, 27, 28, 29, 30];
Ks =[[1, 2, 3], [1, 2, 3, 4], [1, 2, 3, 4, 5], [1, 2, 3, 4, 5], [1, 2, 3, 4, 5], [1, 2, 3, 4, 5, 6], [1, 2, 3, 4, 5], [1, 2, 3, 4, 5], [1, 2, 3, 4, 5], [1, 2, 3, 4, 5], [1, 2, 3, 4, 5, 6], [1, 2, 3, 4, 5, 6], [1, 2, 3, 4, 5, 6], [1, 2, 3, 4, 5, 6, 7], [1, 2, 3, 4, 5, 6, 7], [1, 2, 3, 4, 5, 6, 7], [1, 2, 3, 4, 5, 6, 7, 8], [1, 2, 3, 4, 5, 6, 7], [1, 2, 3, 4, 5, 6, 7, 8], [1, 2, 3, 4, 5, 6, 7, 8], [1, 2, 3, 4, 5, 6, 7, 8, 9], [1, 2, 3, 4, 5, 6, 7, 8], [1, 2, 3, 4, 5, 6, 7, 8, 9], [1, 2, 3, 4, 5, 6, 7, 8, 9], [1, 2, 3, 4, 5, 6, 7, 8, 9], [1, 2, 3, 4, 5, 6, 7, 8, 9, 10], [1, 2, 3, 4, 5, 6, 7, 8, 9, 10, 11]];
Operacoes =[[27, 36, 31], [35, 74, 80, 45], [61, 128, 186, 150, 11], [63, 215, 365, 385, 48], [96, 298, 634, 852, 13], [111, 414, 1029, 1650, 1769, 315], [144, 568, 1596, 2952, 840], [148, 773, 2373, 4974, 400], [159, 954, 3375, 7960, 2448], [227, 1216, 4651, 12211, 1026], [221, 1518, 6302, 18084, 19000, 680], [271, 1877, 8316, 19068, 20000, 4935], [320, 2242, 10805, 20060, 21010, 12144], [351, 2670, 13786, 21052, 22000, 23000, 9744], [373, 3184, 17343, 22020, 23000, 24000, 750], [417, 3759, 21582, 23008, 24000, 25000, 13910], [485, 4310, 23243, 24004, 25005, 26000, 27000, 2212], [480, 5004, 24234, 25008, 26000, 27000, 3052], [558, 5706, 25183, 26012, 27000, 28000, 29000, 2490], [603, 6521, 26171, 27004, 28000, 29000, 30000, 26536], [638, 7428, 27129, 28000, 29000, 30000, 31000, 32000, 7425], [729, 8308, 28090, 29004, 30000, 31000, 32000, 18381], [770, 9346, 29081, 30004, 31000, 32000, 33000, 34000, 10675], [849, 10425, 30063, 31000, 32000, 33000, 34000, 35000, 1908], [880, 11640, 31051, 32004, 33000, 34000, 35000, 36000, 14023], [900, 12934, 32045, 33000, 34000, 35000, 36000, 37000, 38000, 2769], [986, 14214, 33084, 34004, 35000, 36000, 37000, 38000, 39000, 40000, 2952]];
Tempos_tentados =[[0.0002111000067088753, 0.00020569999469444156, 0.00020599999697878957], [0.0001706000039121136, 0.00018540000019129366, 0.00018360000103712082, 0.00017699999443721026], [0.00024760000815149397, 0.0002717000024858862, 0.00029919999360572547, 0.00023769999097567052, 0.00013749999925494194], [0.000222400005441159, 0.000331000002915971, 0.000509400008013472, 0.0006411999929696321, 0.000192599996807985], [0.0002998999989358708, 0.0006871000077808276, 0.000638699988485314, 0.0012238000053912401, 0.00019899998733308166], [0.000327600006130524, 0.0007372000109171495, 0.0009375999943586066, 0.001429900003131479, 0.0018691000004764646, 0.00043060000461991876], [0.0002905000001192093, 0.0006393999938154593, 0.0013421000039670616, 0.0030479999986710027, 0.0008878999942680821], [0.00037480000173673034, 0.001311799991526641, 0.0020846999977948144, 0.004979799996362999, 0.0005621000018436462], [0.0002455999929225072, 0.0008691000111866742, 0.0033506000036140904, 0.007719200002611615, 0.0020400999928824604], [0.0005613999965135008, 0.001821500001824461, 0.004628800001228228, 0.011602899990975857, 0.0012866999895777553], [0.000491600003442727, 0.0016609000012977049, 0.005859600001713261, 0.018767799992929213, 0.020722800007206388, 0.0008047000010265037], [0.0007015000010142103, 0.002085599990095943, 0.007477799998014234, 0.01923489999899175, 0.019224599993322045, 0.004368800000520423], [0.0008577999979024753, 0.002471200001309626, 0.009890800007269718, 0.01967410001088865, 0.020133800004259683, 0.010345900009269826], [0.0008606000046711415, 0.0025973000010708347, 0.01482580001174938, 0.02081640000687912, 0.022075800006859936, 0.021863799993298016, 0.008144300009007566], [0.000489499987452291, 0.0028384000033838674, 0.01624749999609776, 0.02250399999320507, 0.022344900004100055, 0.02272320000338368, 0.0007370999956037849], [0.0005411000020103529, 0.003461200001765974, 0.021897300001000986, 0.022903600009158254, 0.023222800009534694, 0.02393760000995826, 0.011501000000862405], [0.0009116000001085922, 0.0034484999923733994, 0.023119799996493384, 0.024478899998939596, 0.024406700002145953, 0.024424099989118986, 0.02535889999126084, 0.0022438000014517456], [0.0007517999911215156, 0.004332099997554906, 0.024433600003249012, 0.024175599988666363, 0.02507519999926444, 0.025463700003456324, 0.0026221000007353723], [0.0007722000009380281, 0.004819100009626709, 0.024427700001979247, 0.024306000006617978, 0.025277699998696335, 0.02571249999164138, 0.026627999992342666, 0.0021321999956853688], [0.0005815999902551994, 0.005202799991820939, 0.0244100999989314, 0.02588149999792222, 0.02586360000714194, 0.027124000000185333, 0.026815199991688132, 0.023192599997855723], [0.001046299992594868, 0.005928800004767254, 0.025300199995399453, 0.025705899999593385, 0.026550399998086505, 0.02791540000180248, 0.029146100001526065, 0.028342999998130836, 0.0056321000010939315], [0.0008750999986659735, 0.006478100011008792, 0.025834999993094243, 0.02670129999751225, 0.030287400004453957, 0.028549399998155423, 0.029130900002201088, 0.015284900000551715], [0.0013484999944921583, 0.007666000004974194, 0.02683979998982977, 0.027589500008616596, 0.029179799996200018, 0.028841699997428805, 0.029835100009222515, 0.0307874999998603, 0.008542099996702746], [0.001232099995831959, 0.008417300006840378, 0.028257600002689287, 0.02918229998613242, 0.02939499999047257, 0.030055200011702254, 0.030627100000856444, 0.030801799992332235, 0.001970700002857484], [0.0012454999960027635, 0.0093124999984866, 0.028129300000728108, 0.028770899996743537, 0.030109500003163703, 0.03139329999976326, 0.032045799991465174, 0.0327528999914648, 0.011645699996734038], [0.0008812000014586374, 0.010986300010699779, 0.02921490000153426, 0.030143500000122003, 0.031887999997707084, 0.03194630000507459, 0.03242270000919234, 0.0346306999999797, 0.03437130000384059, 0.0024722999951336533], [0.0010271000064676628, 0.011638700001640245, 0.032107999999425374, 0.03149219999613706, 0.032304299995303154, 0.03489970001101028, 0.03379819999099709, 0.034181499999249354, 0.03503870000713505, 0.04719620000105351, 0.002551300000050105]];
N_Configurations =[[4, 6, 4], [5, 10, 10, 5], [6, 15, 20, 15, 1], [7, 21, 35, 35, 4], [8, 28, 56, 70, 1], [9, 36, 84, 126, 126, 21], [10, 45, 120, 210, 56], [11, 55, 165, 330, 25], [12, 66, 220, 495, 144], [13, 78, 286, 715, 57], [14, 91, 364, 1000, 1000, 34], [15, 105, 455, 1000, 1000, 235], [16, 120, 560, 1000, 1000, 552], [17, 136, 680, 1000, 1000, 1000, 406], [18, 153, 816, 1000, 1000, 1000, 30], [19, 171, 969, 1000, 1000, 1000, 535], [20, 190, 1000, 1000, 1000, 1000, 1000, 79], [21, 210, 1000, 1000, 1000, 1000, 109], [22, 231, 1000, 1000, 1000, 1000, 1000, 83], [23, 253, 1000, 1000, 1000, 1000, 1000, 856], [24, 276, 1000, 1000, 1000, 1000, 1000, 1000, 225], [25, 300, 1000, 1000, 1000, 1000, 1000, 557], [26, 325, 1000, 1000, 1000, 1000, 1000, 1000, 305], [27, 351, 1000, 1000, 1000, 1000, 1000, 1000, 53], [28, 378, 1000, 1000, 1000, 1000, 1000, 1000, 379], [29, 406, 1000, 1000, 1000, 1000, 1000, 1000, 1000, 71], [30, 435, 1000, 1000, 1000, 1000, 1000, 1000, 1000, 1000, 72]];

%Parâmetros correspondentes ao K que retornou solução
Ks_solution =[0, 0, 5, 5, 5, 6, 5, 5, 5, 5, 6, 6, 6, 7, 7, 7, 8, 7, 8, 8, 9, 8, 9, 9, 9, 10, 11];
Operacoes =[0, 0, 11, 48, 13, 315, 840, 400, 2448, 1026, 680, 4935, 12144, 9744, 750, 13910, 2212, 3052, 2490, 26536, 7425, 18381, 10675, 1908, 14023, 2769, 2952];
Tempo =[0, 0, 0.00013749999925494194, 0.000192599996807985, 0.00019899998733308166, 0.00043060000461991876, 0.0008878999942680821, 0.0005621000018436462, 0.0020400999928824604, 0.0012866999895777553, 0.0008047000010265037, 0.004368800000520423, 0.010345900009269826, 0.008144300009007566, 0.0007370999956037849, 0.011501000000862405, 0.0022438000014517456, 0.0026221000007353723, 0.0021321999956853688, 0.023192599997855723, 0.0056321000010939315, 0.015284900000551715, 0.008542099996702746, 0.001970700002857484, 0.011645699996734038, 0.0024722999951336533, 0.002551300000050105];
N_Configurations =[0, 0, 1, 4, 1, 21, 56, 25, 144, 57, 34, 235, 552, 406, 30, 535, 79, 109, 83, 856, 225, 557, 305, 53, 379, 71, 72];
Solutions =[0, 0, {0, 1, 2, 3, 5}, {0, 1, 2, 3, 4}, {0, 1, 2, 3, 4}, {1, 2, 3, 5, 6, 8}, {0, 5, 7, 8, 9}, {0, 5, 7, 8, 9}, {5, 6, 7, 8, 9}, {5, 6, 7, 8, 9}, {0, 4, 6, 7, 8, 9}, {1, 4, 7, 8, 12, 14}, {2, 4, 6, 7, 8, 9}, {2, 4, 7, 8, 11, 12, 14}, {2, 4, 6, 7, 8, 9, 16}, {2, 4, 7, 11, 12, 14, 17}, {2, 5, 6, 7, 8, 13, 16, 17}, {2, 7, 12, 13, 14, 17, 19}, {2, 7, 8, 11, 13, 18, 19, 21}, {3, 11, 13, 15, 17, 18, 19, 21}, {2, 4, 10, 11, 17, 18, 19, 21, 22}, {3, 4, 6, 7, 8, 13, 18, 20}, {4, 5, 6, 10, 15, 17, 18, 22, 25}, {1, 2, 5, 8, 9, 12, 18, 24, 25}, {5, 7, 8, 11, 15, 18, 21, 24, 26}, {0, 2, 3, 4, 5, 6, 10, 17, 18, 28}, {0, 2, 5, 7, 8, 13, 14, 20, 23, 25, 26}];
Check_if_correct =[-1, -1, 1, 1, 1, 1, 1, 1, 1, 1, 1, 1, 1, 1, 1, 1, 1, 1, 1, 1, 1, 1, 1, 1, 1, 1, 1];

%Parâmetros para gráficos
Total_operacoes =[94, 234, 536, 1076, 1893, 5288, 6100, 8668, 14896, 19331, 45805, 54467, 66581, 92603, 90670, 111676, 132259, 110778, 143949, 173835, 192620, 177512, 209876, 208245, 227598, 261648, 310240];
Total_configurations =[14, 30, 57, 102, 163, 402, 441, 586, 937, 1149, 2503, 2810, 3248, 4239, 4017, 4694, 5289, 4340, 5336, 6132, 6525, 5882, 6656, 6431, 6785, 7506, 8537];
Total_time =[0.0006227999983821064, 0.0007165999995777383, 0.001193699994473718, 0.0018966000061482191, 0.003048499987926334, 0.0057320000196341425, 0.006207899990840815, 0.009313199989264831, 0.014224600003217347, 0.019901299980119802, 0.0483074000076158, 0.053093199981958605, 0.06337360003089998, 0.091184000033536, 0.08788459998322651, 0.10746460003429092, 0.1283922999718925, 0.10685409998404793, 0.1340753999975277, 0.1590713999758009, 0.17556819999299478, 0.16314210000564344, 0.1906299999973271, 0.18993909998971503, 0.20540539997455198, 0.23895720002474263, 0.2962359000084689];


%Todos os parâmetros
P =0.25;
Size =[4, 5, 6, 7, 8, 9, 10, 11, 12, 13, 14, 15, 16, 17, 18, 19, 20, 21, 22, 23, 24, 25, 26, 27, 28, 29, 30];
Ks =[[1, 2, 3], [1, 2, 3], [1, 2, 3, 4], [1, 2, 3], [1, 2, 3], [1, 2, 3, 4], [1, 2, 3], [1, 2, 3], [1, 2, 3, 4, 5], [1, 2, 3, 4], [1, 2, 3, 4], [1, 2, 3, 4], [1, 2, 3, 4], [1, 2, 3, 4], [1, 2, 3, 4], [1, 2, 3, 4], [1, 2, 3, 4], [1, 2, 3, 4, 5], [1, 2, 3, 4, 5, 6], [1, 2, 3, 4, 5, 6, 7], [1, 2, 3, 4, 5, 6, 7], [1, 2, 3, 4, 5, 6], [1, 2, 3, 4, 5, 6, 7], [1, 2, 3, 4, 5, 6, 7], [1, 2, 3, 4, 5, 6], [1, 2, 3, 4, 5], [1, 2, 3, 4, 5, 6]];
Operacoes =[[20, 36, 28], [46, 74, 16], [51, 134, 183, 20], [70, 209, 30], [77, 298, 482], [115, 414, 1041, 91], [144, 572, 802], [141, 747, 14], [199, 960, 3369, 7984, 493], [192, 1246, 4657, 7470], [232, 1532, 6302, 1062], [259, 1873, 8313, 6312], [314, 2258, 10799, 220], [406, 2704, 13828, 8408], [364, 3158, 17379, 1584], [426, 3701, 21609, 1104], [481, 4356, 23270, 10424], [494, 4996, 24192, 25008, 650], [530, 5728, 25186, 26004, 27000, 2492], [576, 6541, 26162, 27008, 28000, 29000, 60], [639, 7378, 27102, 28004, 29000, 30000, 4619], [694, 8334, 28111, 29012, 30000, 9424], [754, 9322, 29087, 30000, 31000, 32000, 3828], [843, 10483, 30090, 31004, 32000, 33000, 4760], [908, 11596, 31075, 32004, 33000, 13328], [931, 12876, 32072, 33000, 11628], [1028, 14264, 33075, 34008, 35000, 13428]];
Tempos_tentados =[[0.0001571000029798597, 0.00022260000696405768, 0.00018709999858401716], [0.00019139998767059296, 0.00022140001237858087, 0.0001669000048423186], [0.00027889999910257757, 0.0003733000048669055, 0.00029090000316500664, 0.0001812999980757013], [0.00027630000840872526, 0.00042050000047311187, 0.00023469999723602086], [0.00021209999977145344, 0.00038320000749081373, 0.0005764999950770289], [0.0002910999901359901, 0.0008333999867318198, 0.0018795999931171536, 0.00024009999469853938], [0.0003843999875243753, 0.0007044999947538599, 0.000790300007793121], [0.000498399997013621, 0.0015669999993406236, 0.0002201000024797395], [0.0005168999923625961, 0.001763699998264201, 0.0049838999984785914, 0.008914699996239506, 0.0005831999878864735], [0.0004998000076739118, 0.0011768999975174665, 0.00403139999252744, 0.006570600002305582], [0.0004344000044511631, 0.0013621999969473109, 0.005670099999406375, 0.0014839000068604946], [0.0004994999908376485, 0.001750400013406761, 0.007933699991554022, 0.0057302999921375886], [0.0006313999911071733, 0.002246999996714294, 0.010587400000076741, 0.00036669999826699495], [0.0006297999934758991, 0.0029568000027211383, 0.013756899992586114, 0.007854499999666587], [0.0004850999976042658, 0.0026738000015029684, 0.017953600006876513, 0.0019982000085292384], [0.0005163000023458153, 0.0032079000084195286, 0.02214760000060778, 0.001488699999754317], [0.0008304999937536195, 0.004445600003236905, 0.02398150000954047, 0.009114300002693199], [0.0006909000076120719, 0.004550300000119023, 0.02426500000001397, 0.02626790000067558, 0.0008448000007774681], [0.0005600000004051253, 0.004839499990339391, 0.02514050000172574, 0.02551399999356363, 0.02585459999681916, 0.002312200012966059], [0.0009404000011272728, 0.00537820000317879, 0.025591500001610257, 0.026313599999411963, 0.02692759998899419, 0.02696099999593571, 0.0003189999988535419], [0.0008723000064492226, 0.006115900003351271, 0.026632399996742606, 0.027331400007824413, 0.027990099988528527, 0.02795059999334626, 0.004265299998223782], [0.0009240000072168186, 0.007649199993466027, 0.02702169999247417, 0.027803999997559004, 0.029505800004699267, 0.007982000010088086], [0.0008315000013681129, 0.008423999999649823, 0.03160560000105761, 0.029598900000564754, 0.029420599996228702, 0.03290259999630507, 0.0035228999913670123], [0.0008692999981576577, 0.008905299997422844, 0.02946640001027845, 0.033980499996687286, 0.031024399999296293, 0.030829900002572685, 0.0040179000061471015], [0.0009146999946096912, 0.01023870000790339, 0.03061889999662526, 0.030944400001317263, 0.03178439999464899, 0.012092900011339225], [0.0009982000046875328, 0.01111510000191629, 0.03125919999729376, 0.0322197000059532, 0.010314600003766827], [0.0012032999948132783, 0.012642600006074645, 0.03239659999962896, 0.03322519999346696, 0.0340515999996569, 0.011976199995842762]];
N_Configurations =[[4, 6, 4], [5, 10, 2], [6, 15, 20, 2], [7, 21, 3], [8, 28, 43], [9, 36, 84, 7], [10, 45, 61], [11, 55, 1], [12, 66, 220, 495, 29], [13, 78, 286, 438], [14, 91, 364, 59], [15, 105, 455, 332], [16, 120, 560, 11], [17, 136, 680, 400], [18, 153, 816, 72], [19, 171, 969, 48], [20, 190, 1000, 434], [21, 210, 1000, 1000, 25], [22, 231, 1000, 1000, 1000, 89], [23, 253, 1000, 1000, 1000, 1000, 2], [24, 276, 1000, 1000, 1000, 1000, 149], [25, 300, 1000, 1000, 1000, 304], [26, 325, 1000, 1000, 1000, 1000, 116], [27, 351, 1000, 1000, 1000, 1000, 140], [28, 378, 1000, 1000, 1000, 392], [29, 406, 1000, 1000, 342], [30, 435, 1000, 1000, 1000, 373]];

%Parâmetros correspondentes ao K que retornou solução
Ks_solution =[0, 3, 4, 3, 3, 4, 3, 3, 5, 4, 4, 4, 4, 4, 4, 4, 4, 5, 6, 7, 7, 6, 7, 7, 6, 5, 6];
Operacoes =[0, 16, 20, 30, 482, 91, 802, 14, 493, 7470, 1062, 6312, 220, 8408, 1584, 1104, 10424, 650, 2492, 60, 4619, 9424, 3828, 4760, 13328, 11628, 13428];
Tempo =[0, 0.0001669000048423186, 0.0001812999980757013, 0.00023469999723602086, 0.0005764999950770289, 0.00024009999469853938, 0.000790300007793121, 0.0002201000024797395, 0.0005831999878864735, 0.006570600002305582, 0.0014839000068604946, 0.0057302999921375886, 0.00036669999826699495, 0.007854499999666587, 0.0019982000085292384, 0.001488699999754317, 0.009114300002693199, 0.0008448000007774681, 0.002312200012966059, 0.0003189999988535419, 0.004265299998223782, 0.007982000010088086, 0.0035228999913670123, 0.0040179000061471015, 0.012092900011339225, 0.010314600003766827, 0.011976199995842762];
N_Configurations =[0, 2, 2, 3, 43, 7, 61, 1, 29, 438, 59, 332, 11, 400, 72, 48, 434, 25, 89, 2, 149, 304, 116, 140, 392, 342, 373];
Solutions =[0, {2, 3, 4}, {0, 2, 3, 5}, {4, 5, 6}, {0, 5, 6}, {4, 5, 6, 7}, {9, 2, 4}, {9, 2, 4}, {1, 2, 4, 9, 11}, {9, 2, 12, 4}, {9, 2, 12, 13}, {13, 5, 6, 7}, {8, 9, 12, 4}, {8, 9, 12, 13}, {9, 13, 6, 15}, {1, 13, 6, 15}, {9, 13, 6, 15}, {2, 9, 12, 13, 19}, {0, 5, 8, 11, 12, 20}, {0, 6, 9, 12, 15, 21, 22}, {8, 9, 12, 13, 14, 21, 22}, {7, 9, 14, 17, 20, 23}, {1, 3, 14, 15, 18, 21, 23}, {1, 3, 7, 14, 16, 23, 25}, {1, 7, 9, 12, 14, 23}, {0, 3, 6, 15, 27}, {15, 22, 24, 25, 27, 28}];
Check_if_correct =[-1, 1, 1, 1, 1, 1, 1, 1, 1, 1, 1, 1, 1, 1, 1, 1, 1, 1, 1, 1, 1, 1, 1, 1, 1, 1, 1];

%Parâmetros para gráficos
Total_operacoes =[84, 136, 388, 309, 857, 1661, 1518, 902, 13005, 13565, 9128, 16757, 13591, 25346, 22485, 26840, 38531, 55340, 86940, 117347, 126742, 105575, 135991, 142180, 121911, 90507, 130803];
Total_configurations =[14, 17, 43, 31, 79, 136, 116, 67, 822, 815, 528, 907, 707, 1233, 1059, 1207, 1644, 2256, 3342, 4278, 4449, 3629, 4467, 4518, 3798, 2777, 3838];
Total_time =[0.0005668000085279346, 0.0005797000048914924, 0.001124400005210191, 0.000931500006117858, 0.001171800002339296, 0.003244199964683503, 0.0018791999900713563, 0.002285499998833984, 0.016762399973231368, 0.0122787000000244, 0.008950600007665344, 0.01591389998793602, 0.013832499986165203, 0.025197999988449737, 0.023110700014512986, 0.027360500011127442, 0.03837190000922419, 0.056618900009198114, 0.0842207999958191, 0.11243129998911172, 0.12115799999446608, 0.10088670000550337, 0.13630609998654108, 0.13909370001056232, 0.11659400000644382, 0.08590680001361761, 0.1254954999894835];


%Todos os parâmetros
P =0.5;
Size =[4, 5, 6, 7, 8, 9, 10, 11, 12, 13, 14, 15, 16, 17, 18, 19, 20, 21, 22, 23, 24, 25, 26, 27, 28, 29, 30];
Ks =[[1, 2], [1, 2], [1, 2], [1, 2], [1, 2], [1, 2, 3], [1, 2], [1, 2], [1, 2], [1, 2], [1, 2], [1, 2], [1, 2], [1, 2], [1, 2], [1, 2], [1, 2, 3], [1, 2], [1, 2, 3], [1, 2], [1, 2], [1, 2], [1, 2, 3], [1, 2, 3], [1, 2, 3], [1, 2, 3], [1, 2, 3]];
Operacoes =[[21, 6], [34, 7], [48, 32], [64, 54], [87, 84], [98, 428, 60], [116, 84], [143, 335], [176, 430], [196, 332], [220, 668], [278, 618], [292, 1072], [346, 612], [381, 1528], [409, 1561], [480, 4366, 1081], [551, 4825], [546, 5678, 25], [611, 5037], [678, 2598], [714, 6645], [751, 9282, 116], [801, 10443, 240], [889, 11624, 1922], [894, 12936, 704], [1006, 14214, 495]];
Tempos_tentados =[[0.00021720000950153917, 0.000159399991389364], [0.00017300000763498247, 0.0001508000132162124], [0.00020819999917875975, 0.00015850001364015043], [0.00026259999140165746, 0.0002590999938547611], [0.00031149999995250255, 0.00023999999393709004], [0.0002482999989297241, 0.0005063999997219071, 0.00022489999537356198], [0.00029129999165888876, 0.00025599999935366213], [0.00040040000749286264, 0.0004383000050438568], [0.00030020000122021884, 0.0005036999937146902], [0.0003298999945400283, 0.0004825999931199476], [0.00038610000046901405, 0.0007664000004297122], [0.00039250000554602593, 0.0006320999964373186], [0.0004606000002240762, 0.0010683000000426546], [0.0006670000002486631, 0.0006777999951737002], [0.0006375999946612865, 0.0017051000031642616], [0.000680800003465265, 0.0014862000098219141], [0.0007853000133763999, 0.004614899997250177, 0.001058599998941645], [0.0007512000011047348, 0.004521099996054545], [0.0009128999954555184, 0.005045700003392994, 0.00023999999393709004], [0.0007179000094765797, 0.004638500002329238], [0.0009255000040866435, 0.002454999994370155], [0.0009841999999480322, 0.006987500004470348], [0.0012295999913476408, 0.009425100011867471, 0.00037140000495128334], [0.001189999995403923, 0.00978009999380447, 0.0008248000085586682], [0.00116379999963101, 0.010984200009261258, 0.0020908000005874783], [0.001058299996657297, 0.012916599996970035, 0.0008202000026358292], [0.0011872000031871721, 0.013986799996928312, 0.0009264000109396875]];
N_Configurations =[[4, 1], [5, 1], [6, 4], [7, 6], [8, 8], [9, 36, 5], [10, 7], [11, 25], [12, 30], [13, 22], [14, 41], [15, 36], [16, 58], [17, 32], [18, 75], [19, 73], [20, 190, 47], [21, 203], [22, 231, 1], [23, 197], [24, 99], [25, 239], [26, 325, 4], [27, 351, 8], [28, 378, 62], [29, 406, 22], [30, 435, 15]];

%Parâmetros correspondentes ao K que retornou solução
Ks_solution =[2, 2, 2, 2, 2, 3, 2, 2, 2, 2, 2, 2, 2, 2, 2, 2, 3, 2, 3, 2, 2, 2, 3, 3, 3, 3, 3];
Operacoes =[6, 7, 32, 54, 84, 60, 84, 335, 430, 332, 668, 618, 1072, 612, 1528, 1561, 1081, 4825, 25, 5037, 2598, 6645, 116, 240, 1922, 704, 495];
Tempo =[0.000159399991389364, 0.0001508000132162124, 0.00015850001364015043, 0.0002590999938547611, 0.00023999999393709004, 0.00022489999537356198, 0.00025599999935366213, 0.0004383000050438568, 0.0005036999937146902, 0.0004825999931199476, 0.0007664000004297122, 0.0006320999964373186, 0.0010683000000426546, 0.0006777999951737002, 0.0017051000031642616, 0.0014862000098219141, 0.001058599998941645, 0.004521099996054545, 0.00023999999393709004, 0.004638500002329238, 0.002454999994370155, 0.006987500004470348, 0.00037140000495128334, 0.0008248000085586682, 0.0020908000005874783, 0.0008202000026358292, 0.0009264000109396875];
N_Configurations =[1, 1, 4, 6, 8, 5, 7, 25, 30, 22, 41, 36, 58, 32, 75, 73, 47, 203, 1, 197, 99, 239, 4, 8, 62, 22, 15];
Solutions =[{0, 1}, {0, 2}, {0, 2}, {2, 3}, {2, 3}, {1, 3, 4}, {9, 6}, {9, 10}, {9, 4}, {2, 10}, {10, 2}, {9, 4}, {10, 2}, {10, 2}, {10, 2}, {2, 10}, {9, 19, 4}, {2, 10}, {2, 10, 20}, {2, 10}, {10, 2}, {2, 10}, {9, 19, 4}, {10, 11, 22}, {0, 2, 19}, {19, 10, 2}, {24, 25, 17}];
Check_if_correct =[1, 1, 1, 1, 1, 1, 1, 1, 1, 1, 1, 1, 1, 1, 1, 1, 1, 1, 1, 1, 1, 1, 1, 1, 1, 1, 1];

%Parâmetros para gráficos
Total_operacoes =[27, 41, 80, 118, 171, 586, 200, 478, 606, 528, 888, 896, 1364, 958, 1909, 1970, 5927, 5376, 6249, 5648, 3276, 7359, 10149, 11484, 14435, 14534, 15715];
Total_configurations =[5, 6, 10, 13, 16, 50, 17, 36, 42, 35, 55, 51, 74, 49, 93, 92, 257, 224, 254, 220, 123, 264, 355, 386, 468, 457, 480];
Total_time =[0.0003766000008909032, 0.00032380002085119486, 0.0003667000128189102, 0.0005216999852564186, 0.0005514999938895926, 0.0009795999940251932, 0.0005472999910125509, 0.0008387000125367194, 0.000803899994934909, 0.0008124999876599759, 0.0011525000008987263, 0.0010246000019833446, 0.0015289000002667308, 0.0013447999954223633, 0.002342699997825548, 0.002167000013287179, 0.006458800009568222, 0.00527229999715928, 0.006198599992785603, 0.0053564000118058175, 0.0033804999984567985, 0.00797170000441838, 0.011026100008166395, 0.011794899997767061, 0.014238800009479746, 0.014795099996263161, 0.01610040001105517];


%Todos os parâmetros
P =0.75;
Size =[4, 5, 6, 7, 8, 9, 10, 11, 12, 13, 14, 15, 16, 17, 18, 19, 20, 21, 22, 23, 24, 25, 26, 27, 28, 29, 30];
Ks =[[1], [1], [1], [1], [1], [1], [1], [1], [1], [1], [1], [1], [1, 2], [1, 2], [1, 2], [1, 2], [1, 2], [1, 2], [1, 2], [1, 2], [1, 2], [1, 2], [1, 2], [1, 2], [1, 2], [1, 2], [1, 2]];
Operacoes =[[23], [18], [7], [60], [9], [31], [94], [148], [13], [85], [61], [183], [305, 90], [344, 38], [364, 80], [468, 105], [473, 44], [496, 23], [518, 24], [608, 125], [670, 52], [696, 297], [772, 168], [832, 232], [862, 120], [957, 124], [989, 1024]];
Tempos_tentados =[[0.00020059999951627105], [0.00018819999240804464], [0.00018479999562259763], [0.0002947999892057851], [0.0001779000012902543], [0.0002099999983329326], [0.0003513999981805682], [0.00030080000578891486], [0.00025520000781398267], [0.0002688000095076859], [0.00021270000434014946], [0.0003843000013148412], [0.000451600004453212, 0.0002463999990141019], [0.0008980999991763383, 0.00020549999317154288], [0.0004685000021709129, 0.0003180999920004979], [0.0006679999933112413, 0.0002862999972421676], [0.0008304000075440854, 0.00026339999749325216], [0.0006076999998185784, 0.00016850000247359276], [0.0006562000053236261, 0.0002460999967297539], [0.0009138000023085624, 0.000258400003076531], [0.0007374999986495823, 0.00019190000602975488], [0.0009659000061219558, 0.0005518000107258558], [0.0009359999967273325, 0.00034279999090358615], [0.0009877999982563779, 0.0003981000045314431], [0.0012983999913558364, 0.00030139999580569565], [0.0010463999933563173, 0.0003786000015679747], [0.0013913000002503395, 0.0012762999976985157]];
N_Configurations =[[4], [3], [1], [7], [1], [3], [8], [11], [1], [6], [4], [11], [16, 5], [17, 2], [18, 4], [19, 5], [20, 2], [21, 1], [22, 1], [23, 5], [24, 2], [25, 11], [26, 6], [27, 8], [28, 4], [29, 4], [30, 32]];

%Parâmetros correspondentes ao K que retornou solução
Ks_solution =[1, 1, 1, 1, 1, 1, 1, 1, 1, 1, 1, 1, 2, 2, 2, 2, 2, 2, 2, 2, 2, 2, 2, 2, 2, 2, 2];
Operacoes =[23, 18, 7, 60, 9, 31, 94, 148, 13, 85, 61, 183, 90, 38, 80, 105, 44, 23, 24, 125, 52, 297, 168, 232, 120, 124, 1024];
Tempo =[0.00020059999951627105, 0.00018819999240804464, 0.00018479999562259763, 0.0002947999892057851, 0.0001779000012902543, 0.0002099999983329326, 0.0003513999981805682, 0.00030080000578891486, 0.00025520000781398267, 0.0002688000095076859, 0.00021270000434014946, 0.0003843000013148412, 0.0002463999990141019, 0.00020549999317154288, 0.0003180999920004979, 0.0002862999972421676, 0.00026339999749325216, 0.00016850000247359276, 0.0002460999967297539, 0.000258400003076531, 0.00019190000602975488, 0.0005518000107258558, 0.00034279999090358615, 0.0003981000045314431, 0.00030139999580569565, 0.0003786000015679747, 0.0012762999976985157];
N_Configurations =[4, 3, 1, 7, 1, 3, 8, 11, 1, 6, 4, 11, 5, 2, 4, 5, 2, 1, 1, 5, 2, 11, 6, 8, 4, 4, 32];
Solutions =[{2}, {2}, {2}, {2}, {7}, {7}, {7}, {2}, {2}, {2}, {2}, {2}, {3, 7}, {16, 6}, {16, 5}, {9, 17}, {14, 6}, {2, 20}, {16, 21}, {14, 15}, {16, 0}, {16, 15}, {24, 15}, {19, 14}, {16, 21}, {3, 7}, {16, 0}];
Check_if_correct =[1, 1, 1, 1, 1, 1, 1, 1, 1, 1, 1, 1, 1, 1, 1, 1, 1, 1, 1, 1, 1, 1, 1, 1, 1, 1, 1];

%Parâmetros para gráficos
Total_operacoes =[23, 18, 7, 60, 9, 31, 94, 148, 13, 85, 61, 183, 395, 382, 444, 573, 517, 519, 542, 733, 722, 993, 940, 1064, 982, 1081, 2013];
Total_configurations =[4, 3, 1, 7, 1, 3, 8, 11, 1, 6, 4, 11, 21, 19, 22, 24, 22, 22, 23, 28, 26, 36, 32, 35, 32, 33, 62];
Total_time =[0.00020059999951627105, 0.00018819999240804464, 0.00018479999562259763, 0.0002947999892057851, 0.0001779000012902543, 0.0002099999983329326, 0.0003513999981805682, 0.00030080000578891486, 0.00025520000781398267, 0.0002688000095076859, 0.00021270000434014946, 0.0003843000013148412, 0.0006980000034673139, 0.0011035999923478812, 0.0007865999941714108, 0.0009542999905534089, 0.0010938000050373375, 0.0007762000022921711, 0.00090230000205338, 0.0011722000053850934, 0.0009294000046793371, 0.0015177000168478116, 0.0012787999876309186, 0.001385900002787821, 0.001599799987161532, 0.001424999994924292, 0.002667599997948855];
