_%_%_%_%_%_%_%_%_%_%_%_%_%_%_%_%_%_%_%_%_%_%_%_%_%_%_%_%_%_%_%_%_%_%_%_%_%_%_%_%_%_%_%_%_%
Explicação do cabeçalho
Ks -> Tamanho de conjuntos dominantes analisados correspondente ao valor de Size(i)
Operacoes -> Número de operações correspondente ao par (K, Size)
Tempo -> Tempo de execução correspondente ao par (K, Size) 
Solutions -> Conjunto dominante minimo
Check_if_correct -> Verificar se é realmente um conjunto dominante, 1(V) 0(F) -1(se não foi encontrado nenhum set)
Nota: Na divisão -> Parâmetros correspondentes ao K que retornou solução <- caso exista o valor 0 nas variaveis Ks_solutions, Operacoes, Tempo, N_configurations, Solutions quer dizer que não foi encontra nenhuma solução (0 é o valor default) 
Nº máximo de configurações analisadas para cada valor de K = min(N_combinações, 100);
Total Time: 0.9324836730957031 (s)
_%_%_%_%_%_%_%_%_%_%_%_%_%_%_%_%_%_%_%_%_%_%_%_%_%_%_%_%_%_%_%_%_%_%_%_%_%_%_%_%_%_%_%_%_%


%Todos os parâmetros
P =0.125;
Size =[4, 5, 6, 7, 8, 9, 10, 11, 12, 13, 14, 15, 16, 17, 18, 19, 20, 21, 22, 23, 24, 25, 26, 27, 28, 29, 30];
Ks =[[1, 2, 3], [1, 2, 3, 4], [1, 2, 3, 4, 5], [1, 2, 3, 4, 5], [1, 2, 3, 4, 5], [1, 2, 3, 4, 5, 6], [1, 2, 3, 4, 5], [1, 2, 3, 4, 5], [1, 2, 3, 4, 5, 6], [1, 2, 3, 4, 5, 6], [1, 2, 3, 4, 5, 6, 7], [1, 2, 3, 4, 5, 6, 7], [1, 2, 3, 4, 5, 6, 7], [1, 2, 3, 4, 5, 6, 7, 8], [1, 2, 3, 4, 5, 6, 7], [1, 2, 3, 4, 5, 6, 7, 8], [1, 2, 3, 4, 5, 6, 7, 8], [1, 2, 3, 4, 5, 6, 7, 8], [1, 2, 3, 4, 5, 6, 7, 8], [1, 2, 3, 4, 5, 6, 7, 8], [1, 2, 3, 4, 5, 6, 7, 8, 9], [1, 2, 3, 4, 5, 6, 7, 8, 9, 10, 11], [1, 2, 3, 4, 5, 6, 7, 8], [1, 2, 3, 4, 5, 6, 7, 8, 9, 10, 11], [1, 2, 3, 4, 5, 6, 7, 8, 9, 10, 11], [1, 2, 3, 4, 5, 6, 7, 8, 9, 10], [1, 2, 3, 4, 5, 6, 7, 8, 9, 10, 11]];
Operacoes =[[27, 36, 31], [35, 74, 80, 45], [61, 128, 186, 150, 11], [63, 215, 365, 385, 48], [96, 298, 634, 852, 13], [111, 414, 1029, 1312, 1405, 210], [118, 570, 1321, 1404, 285], [178, 759, 1430, 1500, 368], [184, 960, 1521, 1600, 1700, 810], [219, 1208, 1612, 1700, 1800, 57], [257, 1484, 1703, 1804, 1900, 2000, 441], [278, 1792, 1803, 1900, 2000, 2100, 1386], [287, 1844, 1906, 2000, 2100, 2200, 759], [357, 1962, 2000, 2100, 2200, 2300, 2400, 500], [380, 2044, 2100, 2200, 2300, 2400, 2425], [406, 2150, 2200, 2300, 2400, 2500, 2600, 594], [484, 2234, 2306, 2400, 2500, 2600, 2700, 2072], [496, 2326, 2406, 2500, 2600, 2700, 2800, 2668], [562, 2420, 2500, 2600, 2700, 2800, 2900, 1140], [587, 2520, 2600, 2700, 2800, 2900, 3000, 1860], [654, 2616, 2700, 2800, 2900, 3000, 3100, 3200, 2970], [807, 2708, 2800, 2900, 3000, 3100, 3200, 3300, 3400, 3500, 972], [718, 2814, 2900, 3000, 3100, 3200, 3300, 2448], [821, 2916, 3000, 3100, 3200, 3300, 3400, 3500, 3600, 3700, 1292], [869, 3018, 3100, 3200, 3300, 3400, 3500, 3600, 3700, 3800, 234], [939, 3106, 3200, 3300, 3400, 3500, 3600, 3700, 3800, 1131], [1083, 3210, 3300, 3400, 3500, 3600, 3700, 3800, 3900, 4000, 2009]];
Tempos_tentados =[[0.00018540000019129366, 0.0002327999973203987, 0.00015949999215081334], [0.00017840000509750098, 0.00020139999105595052, 0.00022390000231098384, 0.00019109999993816018], [0.00020619999850168824, 0.00023799999326001853, 0.00029680000443477184, 0.0002696999872568995, 0.00015659999917261302], [0.00019690000044647604, 0.00032110000029206276, 0.0004318999999668449, 0.0007888999971328303, 0.00018570000247564167], [0.00024950000806711614, 0.0005627999926218763, 0.0010974000033456832, 0.0015054999967105687, 0.00020390001009218395], [0.00027550000231713057, 0.0005178999999770895, 0.0015896999975666404, 0.001254500006325543, 0.0012427000037860125, 0.0003843000013148412], [0.0002784999960567802, 0.0009598000033292919, 0.001345600001513958, 0.001165999987279065, 0.00041000000783242285], [0.0004212000058032572, 0.0009276000055251643, 0.0011863000108860433, 0.0012168999965069816, 0.00046800001291558146], [0.0004594999918481335, 0.0010142000101041049, 0.001567499988595955, 0.0014454000047408044, 0.001484399996115826, 0.0006871000077808276], [0.00035200000274926424, 0.0011685999925248325, 0.0020007999992230907, 0.0024237000034190714, 0.002266700001200661, 0.00031260000832844526], [0.0006003000016789883, 0.00198090000776574, 0.00199570000404492, 0.0027963000029558316, 0.00197199999820441, 0.0020798000041395426, 0.00048319999768864363], [0.0004059000057168305, 0.0027018000109819695, 0.002079999991110526, 0.0021189000108279288, 0.001817800002754666, 0.0018727999995462596, 0.0012529000086942688], [0.0004942000086884946, 0.0021911000076215714, 0.0022973000013735145, 0.0021976999996695668, 0.0026070000021718442, 0.0028448999946704134, 0.001080700007150881], [0.0006553999992320314, 0.0022567000123672187, 0.0016503999941051006, 0.002286099988850765, 0.002315599995199591, 0.0020539000106509775, 0.0027437000098871067, 0.001127800001995638], [0.0006597000028705224, 0.0020406999974511564, 0.001820300007238984, 0.0020162000000709668, 0.0021764000121038407, 0.00252540000656154, 0.0030937999981688336], [0.0007975000044098124, 0.002233199993497692, 0.0020509000023594126, 0.0021332999895093963, 0.00188460000208579, 0.002417799987597391, 0.002250399993499741, 0.000592199998209253], [0.0007369000086328015, 0.0020395999890752137, 0.0018410000047879294, 0.0018637000030139461, 0.002919799997471273, 0.002047600006335415, 0.002208599995356053, 0.0020409999997355044], [0.0005673999985447153, 0.002188300000852905, 0.0022148999996716157, 0.0026116000080946833, 0.0023585000017192215, 0.0022957000037422404, 0.0023126000014599413, 0.0027079999999841675], [0.0006189999985508621, 0.001858400006312877, 0.0024523000029148534, 0.0020774000004166737, 0.0027239000046392903, 0.002573999998276122, 0.0028623999969568104, 0.0010326999909011647], [0.0007687999896006659, 0.002294999998412095, 0.0025756000104593113, 0.0024643000069772825, 0.0027172000118298456, 0.002388199995039031, 0.0031392999953823164, 0.0019071999995503575], [0.0008662000036565587, 0.002239299996290356, 0.002601400003186427, 0.0025828000070760027, 0.0028631000022869557, 0.002889600000344217, 0.003445899987127632, 0.003044400000362657, 0.0028663999983109534], [0.001357000001007691, 0.0027636000013444573, 0.0025693000061437488, 0.002333099997485988, 0.002617699996335432, 0.0035642000002553686, 0.0029389999981503934, 0.0026360999909229577, 0.0026947000005748123, 0.002940700011095032, 0.001146599999628961], [0.0008405000116908923, 0.002564499998698011, 0.004351299998234026, 0.0032358999887946993, 0.004526899996562861, 0.004602000000886619, 0.003478700004052371, 0.0022221999970497563], [0.0013928999978816137, 0.0026482000102987513, 0.002547299998695962, 0.002611599993542768, 0.0033528000058140606, 0.0026685999910114333, 0.002737999995588325, 0.002718299991101958, 0.003584600010071881, 0.0034476000000722706, 0.0013546999980462715], [0.0008482999983243644, 0.0023167000035755336, 0.0024073000095086172, 0.0027704999956768006, 0.002659799996763468, 0.002729700005147606, 0.002849299999070354, 0.003380900001502596, 0.0034516000014264137, 0.003987400006735697, 0.0004158999945502728], [0.0012635000020964071, 0.002558600011980161, 0.003497800003970042, 0.002670999994734302, 0.003559400007361546, 0.002745099991443567, 0.0028758999978890643, 0.003366400007507764, 0.003676000007544644, 0.0018343999981880188], [0.0017440999945392832, 0.003311499996925704, 0.002648899986525066, 0.003360699993208982, 0.002986800012877211, 0.0036557999992510304, 0.0035937999928137287, 0.0031562000076519325, 0.0032691999949747697, 0.003209599992260337, 0.002279299995279871]];
N_Configurations =[[4, 6, 4], [5, 10, 10, 5], [6, 15, 20, 15, 1], [7, 21, 35, 35, 4], [8, 28, 56, 70, 1], [9, 36, 84, 100, 100, 14], [10, 45, 100, 100, 19], [11, 55, 100, 100, 23], [12, 66, 100, 100, 100, 45], [13, 78, 100, 100, 100, 3], [14, 91, 100, 100, 100, 100, 21], [15, 100, 100, 100, 100, 100, 63], [16, 100, 100, 100, 100, 100, 33], [17, 100, 100, 100, 100, 100, 100, 20], [18, 100, 100, 100, 100, 100, 97], [19, 100, 100, 100, 100, 100, 100, 22], [20, 100, 100, 100, 100, 100, 100, 74], [21, 100, 100, 100, 100, 100, 100, 92], [22, 100, 100, 100, 100, 100, 100, 38], [23, 100, 100, 100, 100, 100, 100, 60], [24, 100, 100, 100, 100, 100, 100, 100, 90], [25, 100, 100, 100, 100, 100, 100, 100, 100, 100, 27], [26, 100, 100, 100, 100, 100, 100, 72], [27, 100, 100, 100, 100, 100, 100, 100, 100, 100, 34], [28, 100, 100, 100, 100, 100, 100, 100, 100, 100, 6], [29, 100, 100, 100, 100, 100, 100, 100, 100, 29], [30, 100, 100, 100, 100, 100, 100, 100, 100, 100, 49]];

%Parâmetros correspondentes ao K que retornou solução
Ks_solution =[0, 0, 5, 5, 5, 6, 5, 5, 6, 6, 7, 7, 7, 8, 7, 8, 8, 8, 8, 8, 9, 11, 8, 11, 11, 10, 11];
Operacoes =[0, 0, 11, 48, 13, 210, 285, 368, 810, 57, 441, 1386, 759, 500, 2425, 594, 2072, 2668, 1140, 1860, 2970, 972, 2448, 1292, 234, 1131, 2009];
Tempo =[0, 0, 0.00015659999917261302, 0.00018570000247564167, 0.00020390001009218395, 0.0003843000013148412, 0.00041000000783242285, 0.00046800001291558146, 0.0006871000077808276, 0.00031260000832844526, 0.00048319999768864363, 0.0012529000086942688, 0.001080700007150881, 0.001127800001995638, 0.0030937999981688336, 0.000592199998209253, 0.0020409999997355044, 0.0027079999999841675, 0.0010326999909011647, 0.0019071999995503575, 0.0028663999983109534, 0.001146599999628961, 0.0022221999970497563, 0.0013546999980462715, 0.0004158999945502728, 0.0018343999981880188, 0.002279299995279871];
N_Configurations =[0, 0, 1, 4, 1, 14, 19, 23, 45, 3, 21, 63, 33, 20, 97, 22, 74, 92, 38, 60, 90, 27, 72, 34, 6, 29, 49];
Solutions =[0, 0, {0, 1, 2, 3, 5}, {0, 1, 2, 3, 4}, {0, 1, 2, 3, 4}, {1, 2, 3, 5, 6, 8}, {0, 3, 5, 8, 9}, {0, 4, 7, 8, 9}, {2, 4, 6, 7, 8, 11}, {5, 6, 7, 8, 9, 12}, {2, 4, 5, 6, 7, 8, 11}, {1, 2, 5, 6, 7, 8, 10}, {1, 2, 5, 7, 8, 12, 14}, {0, 2, 4, 7, 8, 11, 12, 16}, {1, 4, 7, 12, 14, 15, 17}, {4, 5, 7, 12, 14, 15, 17, 18}, {1, 5, 6, 7, 8, 11, 14, 15}, {1, 2, 5, 6, 7, 8, 16, 19}, {1, 2, 4, 6, 7, 8, 13, 14}, {0, 2, 5, 6, 7, 17, 18, 19}, {3, 6, 8, 13, 15, 18, 19, 21, 22}, {2, 4, 5, 6, 7, 8, 12, 13, 15, 16, 22}, {2, 6, 7, 8, 13, 16, 19, 22}, {1, 4, 6, 12, 16, 17, 19, 20, 23, 25, 26}, {5, 6, 8, 9, 10, 13, 16, 17, 20, 21, 22}, {3, 5, 6, 7, 8, 10, 13, 15, 18, 28}, {2, 4, 5, 6, 8, 10, 11, 17, 18, 22, 28}];
Check_if_correct =[-1, -1, 1, 1, 1, 1, 1, 1, 1, 1, 1, 1, 1, 1, 1, 1, 1, 1, 1, 1, 1, 1, 1, 1, 1, 1, 1];

%Parâmetros para gráficos
Total_operacoes =[94, 234, 536, 1076, 1893, 4481, 3698, 4235, 6775, 6596, 9589, 11259, 11096, 13819, 13849, 15150, 17296, 18496, 17622, 18967, 23940, 29687, 21480, 31829, 31721, 29676, 35502];
Total_configurations =[14, 30, 57, 102, 163, 343, 274, 289, 423, 394, 526, 578, 549, 637, 615, 641, 694, 713, 660, 683, 814, 952, 698, 961, 934, 858, 979];
Total_time =[0.0005776999896625057, 0.0007947999984025955, 0.001167299982625991, 0.0019245000003138557, 0.0036191000108374283, 0.005264600011287257, 0.004159899996011518, 0.004220000031637028, 0.0066580999991856515, 0.008524400007445365, 0.011908200016478077, 0.01225010002963245, 0.013712900021346286, 0.015089600012288429, 0.014332500024465844, 0.014359899971168488, 0.015698200004408136, 0.01725700001406949, 0.016200099998968653, 0.018255600007250905, 0.02339909999864176, 0.027562000002944842, 0.025821999995969236, 0.029064599992125295, 0.027817400012281723, 0.028048100022715516, 0.033215899966307916];


%Todos os parâmetros
P =0.25;
Size =[4, 5, 6, 7, 8, 9, 10, 11, 12, 13, 14, 15, 16, 17, 18, 19, 20, 21, 22, 23, 24, 25, 26, 27, 28, 29, 30];
Ks =[[1, 2, 3], [1, 2, 3, 4], [1, 2, 3, 4], [1, 2, 3], [1, 2, 3], [1, 2, 3, 4], [1, 2, 3, 4], [1, 2, 3, 4], [1, 2, 3, 4, 5], [1, 2, 3, 4], [1, 2, 3, 4], [1, 2, 3, 4], [1, 2, 3, 4], [1, 2, 3, 4], [1, 2, 3, 4], [1, 2, 3, 4, 5], [1, 2, 3, 4], [1, 2, 3, 4, 5, 6], [1, 2, 3, 4, 5, 6], [1, 2, 3, 4, 5, 6, 7, 8], [1, 2, 3, 4, 5, 6, 7], [1, 2, 3, 4, 5, 6, 7, 8], [1, 2, 3, 4, 5, 6], [1, 2, 3, 4, 5, 6, 7], [1, 2, 3, 4, 5, 6, 7, 8], [1, 2, 3, 4, 5, 6, 7], [1, 2, 3, 4, 5, 6, 7]];
Operacoes =[[30, 36, 31], [40, 84, 83, 36], [51, 124, 180, 30], [66, 199, 80], [84, 308, 132], [98, 412, 1023, 130], [143, 588, 1318, 56], [153, 759, 1421, 90], [191, 1004, 1509, 1600, 119], [203, 1226, 1606, 769], [251, 1522, 1709, 1476], [256, 1788, 1806, 969], [303, 1860, 1900, 280], [350, 1966, 2006, 588], [424, 2038, 2100, 1276], [418, 2130, 2200, 2300, 48], [454, 2238, 2303, 1344], [488, 2334, 2406, 2500, 2600, 1458], [553, 2428, 2500, 2600, 2700, 1456], [648, 2534, 2606, 2700, 2800, 2900, 3000, 248], [630, 2616, 2700, 2800, 2900, 3000, 279], [726, 2726, 2800, 2900, 3000, 3100, 3200, 990], [758, 2824, 2900, 3000, 3100, 1152], [823, 2922, 3003, 3100, 3200, 3300, 3366], [872, 3006, 3100, 3200, 3300, 3400, 3500, 252], [969, 3110, 3200, 3300, 3400, 3500, 2844], [1191, 3220, 3300, 3400, 3500, 3600, 703]];
Tempos_tentados =[[0.00023260001034941524, 0.00024080000002868474, 0.0001914000022225082], [0.0003701999958138913, 0.0003825999883702025, 0.00025409999943803996, 0.00021410000044852495], [0.00023180000425782055, 0.0002800000074785203, 0.00032700000156182796, 0.00018089999502990395], [0.00023820000933483243, 0.00038240000139921904, 0.0002545000024838373], [0.00024950000806711614, 0.0004352000105427578, 0.00023689999943599105], [0.00026950000028591603, 0.000585400004638359, 0.0015561000036541373, 0.00036979999276809394], [0.0003583999932743609, 0.0006161000055726618, 0.001473600001190789, 0.0003614000015659258], [0.00030029998742975295, 0.000742600008379668, 0.0012064000038662925, 0.00021860000560991466], [0.00035099999513477087, 0.0013347000058274716, 0.0014195999974617735, 0.0013439999893307686, 0.00031689999741502106], [0.0004126999992877245, 0.0012786000006599352, 0.001536000010673888, 0.0008652999968035147], [0.000679899996612221, 0.0023868999996921048, 0.002861600005417131, 0.0022041000047465786], [0.0006042999884812161, 0.0018204999942099676, 0.0020188000053167343, 0.0009206000104313716], [0.0004690999921876937, 0.0024212999996962026, 0.0029712000105064362, 0.000527900003362447], [0.000534399994648993, 0.0018370000034337863, 0.001756300000124611, 0.0005985000025248155], [0.0006987999950069934, 0.002478900001733564, 0.0017525000002933666, 0.0011323999933665618], [0.0008052000048337504, 0.0019193000043742359, 0.001896000001579523, 0.0026129000034416094, 0.00025740001001395285], [0.0008081999985734001, 0.002323900000192225, 0.002028800008702092, 0.0012629999982891604], [0.0005835000047227368, 0.0021323999972082675, 0.002545099996495992, 0.0020674999977927655, 0.002600499996333383, 0.0013137000059941784], [0.0006310000026132911, 0.0023785999946994707, 0.0024050000065471977, 0.0027704999956768006, 0.0022107999975560233, 0.0017274999991059303], [0.0008715000003576279, 0.0020379999914439395, 0.002834300001268275, 0.002331900002900511, 0.002780800001346506, 0.002384799998253584, 0.0031061000045156106, 0.00042640000174287707], [0.0006484000041382387, 0.0030703000084031373, 0.002291600001626648, 0.002622999993036501, 0.0029474000039044768, 0.0033106000046245754, 0.0005729999975301325], [0.0007625999860465527, 0.0024227999965660274, 0.002639199999975972, 0.003042200012714602, 0.002794600004563108, 0.003472200012765825, 0.0025695999938761815, 0.0015910000074654818], [0.0009238999919034541, 0.002329399998416193, 0.002556799998274073, 0.003096799991908483, 0.0030030000052647665, 0.0012008000048808753], [0.0010850999969989061, 0.0022991000005276874, 0.002604499997687526, 0.002956000011181459, 0.0026185000024270266, 0.002642899999045767, 0.003349299993715249], [0.000833400001283735, 0.0024102000024868175, 0.002739800009294413, 0.003153900004690513, 0.0027160999889019877, 0.0029446000116877258, 0.0033451000053901225, 0.00043489999370649457], [0.0013481000059982762, 0.0028138000052422285, 0.003381200003786944, 0.003344700002344325, 0.002920499988249503, 0.0037816999974893406, 0.0030636999872513115], [0.0013703000004170462, 0.0035210999922128394, 0.004701900004874915, 0.005025200007366948, 0.004003800000646152, 0.003440600004978478, 0.0009492000099271536]];
N_Configurations =[[4, 6, 4], [5, 10, 10, 4], [6, 15, 20, 3], [7, 21, 8], [8, 28, 12], [9, 36, 84, 10], [10, 45, 100, 4], [11, 55, 100, 6], [12, 66, 100, 100, 7], [13, 78, 100, 45], [14, 91, 100, 82], [15, 100, 100, 51], [16, 100, 100, 14], [17, 100, 100, 28], [18, 100, 100, 58], [19, 100, 100, 100, 2], [20, 100, 100, 56], [21, 100, 100, 100, 100, 54], [22, 100, 100, 100, 100, 52], [23, 100, 100, 100, 100, 100, 100, 8], [24, 100, 100, 100, 100, 100, 9], [25, 100, 100, 100, 100, 100, 100, 30], [26, 100, 100, 100, 100, 36], [27, 100, 100, 100, 100, 100, 99], [28, 100, 100, 100, 100, 100, 100, 7], [29, 100, 100, 100, 100, 100, 79], [30, 100, 100, 100, 100, 100, 19]];

%Parâmetros correspondentes ao K que retornou solução
Ks_solution =[0, 4, 4, 3, 3, 4, 4, 4, 5, 4, 4, 4, 4, 4, 4, 5, 4, 6, 6, 8, 7, 8, 6, 7, 8, 7, 7];
Operacoes =[0, 36, 30, 80, 132, 130, 56, 90, 119, 769, 1476, 969, 280, 588, 1276, 48, 1344, 1458, 1456, 248, 279, 990, 1152, 3366, 252, 2844, 703];
Tempo =[0, 0.00021410000044852495, 0.00018089999502990395, 0.0002545000024838373, 0.00023689999943599105, 0.00036979999276809394, 0.0003614000015659258, 0.00021860000560991466, 0.00031689999741502106, 0.0008652999968035147, 0.0022041000047465786, 0.0009206000104313716, 0.000527900003362447, 0.0005985000025248155, 0.0011323999933665618, 0.00025740001001395285, 0.0012629999982891604, 0.0013137000059941784, 0.0017274999991059303, 0.00042640000174287707, 0.0005729999975301325, 0.0015910000074654818, 0.0012008000048808753, 0.003349299993715249, 0.00043489999370649457, 0.0030636999872513115, 0.0009492000099271536];
N_Configurations =[0, 4, 3, 8, 12, 10, 4, 6, 7, 45, 82, 51, 14, 28, 58, 2, 56, 54, 52, 8, 9, 30, 36, 99, 7, 79, 19];
Solutions =[0, {1, 2, 3, 4}, {2, 3, 4, 5}, {4, 5, 6}, {1, 4, 6}, {8, 3, 4, 5}, {9, 2, 4, 7}, {8, 9, 3, 4}, {2, 4, 9, 10, 11}, {9, 2, 11, 4}, {9, 2, 11, 4}, {8, 9, 12, 13}, {1, 2, 3, 13}, {0, 9, 12, 8}, {0, 17, 9, 8}, {4, 9, 14, 15, 17}, {9, 13, 14, 15}, {0, 1, 3, 8, 17, 18}, {1, 3, 7, 10, 12, 14}, {1, 4, 6, 12, 14, 15, 19, 22}, {0, 2, 8, 9, 11, 12, 22}, {6, 8, 9, 12, 13, 14, 17, 22}, {8, 9, 12, 13, 21, 22}, {1, 2, 7, 11, 12, 23, 24}, {6, 12, 13, 15, 18, 19, 26, 27}, {3, 4, 5, 6, 15, 21, 23}, {0, 3, 8, 12, 25, 26, 27}];
Check_if_correct =[-1, 1, 1, 1, 1, 1, 1, 1, 1, 1, 1, 1, 1, 1, 1, 1, 1, 1, 1, 1, 1, 1, 1, 1, 1, 1, 1];

%Parâmetros para gráficos
Total_operacoes =[97, 243, 385, 345, 524, 1663, 2105, 2423, 4423, 3804, 4958, 4819, 4343, 4910, 5838, 7096, 6339, 11786, 12237, 17436, 14925, 19442, 13734, 19714, 20630, 20323, 18914];
Total_configurations =[14, 29, 44, 36, 48, 139, 159, 172, 285, 236, 287, 266, 230, 245, 276, 321, 276, 475, 474, 631, 533, 655, 462, 626, 635, 608, 549];
Total_time =[0.0006648000126006082, 0.0012209999840706587, 0.0010197000083280727, 0.0008751000132178888, 0.000921600018045865, 0.002780800001346506, 0.0028095000016037375, 0.002467900005285628, 0.004766199985169806, 0.004092600007425062, 0.008132500006468035, 0.00536419999843929, 0.0063895000057527795, 0.004726200000732206, 0.006062599990400486, 0.007490800024243072, 0.006423900005756877, 0.011242699998547323, 0.012123399996198714, 0.01677380000182893, 0.01546430001326371, 0.01929420001397375, 0.013110699990647845, 0.01755540000158362, 0.01857800001744181, 0.02065369999036193, 0.02301210002042353];


%Todos os parâmetros
P =0.5;
Size =[4, 5, 6, 7, 8, 9, 10, 11, 12, 13, 14, 15, 16, 17, 18, 19, 20, 21, 22, 23, 24, 25, 26, 27, 28, 29, 30];
Ks =[[1, 2], [1, 2], [1, 2], [1, 2], [1, 2], [1, 2, 3], [1, 2], [1, 2], [1, 2], [1, 2], [1, 2], [1, 2], [1, 2], [1, 2, 3], [1, 2], [1, 2, 3], [1, 2, 3], [1, 2, 3], [1, 2], [1, 2], [1, 2, 3], [1, 2, 3], [1, 2, 3], [1, 2, 3], [1, 2, 3], [1, 2, 3], [1, 2, 3, 4]];
Operacoes =[[26, 6], [36, 28], [61, 8], [73, 110], [96, 94], [121, 418, 72], [132, 98], [175, 39], [186, 168], [193, 75], [232, 586], [265, 155], [304, 970], [346, 1950, 80], [389, 1444], [432, 2128, 242], [439, 2230, 739], [526, 2328, 624], [564, 822], [617, 825], [695, 2630, 540], [704, 2720, 952], [762, 2820, 1305], [847, 2916, 1020], [1008, 3016, 124], [966, 3106, 320], [1021, 3212, 3300, 68]];
Tempos_tentados =[[0.00023570000485051423, 0.00018279999494552612], [0.00024619999749120325, 0.000185500000952743], [0.00019609999435488135, 0.0001351000100839883], [0.0002294000005349517, 0.0002767000114545226], [0.0002558999985922128, 0.00026359999901615083], [0.0003951999970013276, 0.0005213999975239858, 0.00021749999723397195], [0.0002750999992713332, 0.00033760000951588154], [0.0003767000016523525, 0.0002114000089932233], [0.000404800011892803, 0.0002905000001192093], [0.000294700002996251, 0.0002049000031547621], [0.0003462000022409484, 0.0007356999994954094], [0.0005088000034447759, 0.00037120000342838466], [0.0004056000034324825, 0.0009411999926669523], [0.0005729999975301325, 0.0021957999997539446, 0.0002671000111149624], [0.0006144000071799383, 0.0017920999962370843], [0.0006864000024506822, 0.0018973999976878986, 0.00043030000233557075], [0.0006099000020185485, 0.002195000008214265, 0.000974599999608472], [0.0006763999990653247, 0.002351200004341081, 0.0006715999916195869], [0.0007699000125285238, 0.0010864000068977475], [0.0010395999997854233, 0.0010747000051196665], [0.0008340999920619652, 0.0027993999974569306, 0.0006258000066736713], [0.0010821000032592565, 0.003000700002303347, 0.0011284999927738681], [0.001233300004969351, 0.00309729999571573, 0.0012784999998984858], [0.0009515000128885731, 0.002488199999788776, 0.001370800004224293], [0.0014754000003449619, 0.0027446000021882355, 0.00041039999632630497], [0.001232399998116307, 0.002650299997185357, 0.0004650000046240166], [0.0011034000053768978, 0.003189999988535419, 0.00352549999661278, 0.00027180000324733555]];
N_Configurations =[[4, 1], [5, 4], [6, 1], [7, 12], [8, 9], [9, 36, 6], [10, 8], [11, 3], [12, 12], [13, 5], [14, 36], [15, 9], [16, 53], [17, 100, 4], [18, 71], [19, 100, 11], [20, 100, 32], [21, 100, 26], [22, 34], [23, 33], [24, 100, 20], [25, 100, 34], [26, 100, 45], [27, 100, 34], [28, 100, 4], [29, 100, 10], [30, 100, 100, 2]];

%Parâmetros correspondentes ao K que retornou solução
Ks_solution =[2, 2, 2, 2, 2, 3, 2, 2, 2, 2, 2, 2, 2, 3, 2, 3, 3, 3, 2, 2, 3, 3, 3, 3, 3, 3, 4];
Operacoes =[6, 28, 8, 110, 94, 72, 98, 39, 168, 75, 586, 155, 970, 80, 1444, 242, 739, 624, 822, 825, 540, 952, 1305, 1020, 124, 320, 68];
Tempo =[0.00018279999494552612, 0.000185500000952743, 0.0001351000100839883, 0.0002767000114545226, 0.00026359999901615083, 0.00021749999723397195, 0.00033760000951588154, 0.0002114000089932233, 0.0002905000001192093, 0.0002049000031547621, 0.0007356999994954094, 0.00037120000342838466, 0.0009411999926669523, 0.0002671000111149624, 0.0017920999962370843, 0.00043030000233557075, 0.000974599999608472, 0.0006715999916195869, 0.0010864000068977475, 0.0010747000051196665, 0.0006258000066736713, 0.0011284999927738681, 0.0012784999998984858, 0.001370800004224293, 0.00041039999632630497, 0.0004650000046240166, 0.00027180000324733555];
N_Configurations =[1, 4, 1, 12, 9, 6, 8, 3, 12, 5, 36, 9, 53, 4, 71, 11, 32, 26, 34, 33, 20, 34, 45, 34, 4, 10, 2];
Solutions =[{1, 3}, {1, 3}, {1, 3}, {0, 2}, {2, 3}, {0, 1, 4}, {9, 4}, {9, 10}, {11, 4}, {3, 12}, {9, 4}, {11, 4}, {10, 2}, {8, 3, 12}, {2, 10}, {10, 18, 2}, {17, 10, 7}, {18, 11, 20}, {2, 10}, {2, 10}, {3, 12, 4}, {9, 19, 17}, {16, 4, 7}, {0, 25, 2}, {11, 20, 21}, {9, 26, 19}, {8, 25, 20, 17}];
Check_if_correct =[1, 1, 1, 1, 1, 1, 1, 1, 1, 1, 1, 1, 1, 1, 1, 1, 1, 1, 1, 1, 1, 1, 1, 1, 1, 1, 1];

%Parâmetros para gráficos
Total_operacoes =[32, 64, 69, 183, 190, 611, 230, 214, 354, 268, 818, 420, 1274, 2376, 1833, 2802, 3408, 3478, 1386, 1442, 3865, 4376, 4887, 4783, 4148, 4392, 7601];
Total_configurations =[5, 9, 7, 19, 17, 51, 18, 14, 24, 18, 50, 24, 69, 121, 89, 130, 152, 147, 56, 56, 144, 159, 171, 161, 132, 139, 232];
Total_time =[0.00041849999979604036, 0.00043169999844394624, 0.00033120000443886966, 0.0005061000119894743, 0.0005194999976083636, 0.0011340999917592853, 0.0006127000087872148, 0.0005881000106455758, 0.0006953000120120123, 0.0004996000061510131, 0.0010819000017363578, 0.0008800000068731606, 0.0013467999960994348, 0.0030359000083990395, 0.0024065000034170225, 0.0030141000024741516, 0.0037795000098412856, 0.0036991999950259924, 0.0018563000194262713, 0.0021143000049050897, 0.004259299996192567, 0.005211299998336472, 0.005609100000583567, 0.004810500016901642, 0.004630399998859502, 0.0043476999999256805, 0.008090699993772432];


%Todos os parâmetros
P =0.75;
Size =[4, 5, 6, 7, 8, 9, 10, 11, 12, 13, 14, 15, 16, 17, 18, 19, 20, 21, 22, 23, 24, 25, 26, 27, 28, 29, 30];
Ks =[[1], [1], [1], [1], [1], [1], [1], [1], [1], [1], [1], [1], [1, 2], [1, 2], [1, 2], [1, 2], [1, 2], [1, 2], [1, 2], [1, 2], [1, 2], [1, 2], [1, 2], [1, 2], [1, 2], [1, 2], [1, 2]];
Operacoes =[[15], [36], [40], [16], [19], [30], [11], [64], [80], [118], [172], [149], [310, 72], [372, 247], [370, 60], [437, 21], [500, 22], [506, 23], [571, 24], [572, 275], [650, 26], [691, 162], [772, 196], [842, 87], [860, 600], [939, 279], [983, 160]];
Tempos_tentados =[[0.00025630000163801014], [0.00017630000365898013], [0.00018560000171419233], [0.00016410001262556762], [0.00015169999096542597], [0.00019659999816212803], [0.0001807999942684546], [0.00028029999521095306], [0.00022309999621938914], [0.00022669999452773482], [0.0002919000107795], [0.0002582000015536323], [0.0005415000050561503, 0.00024560000747442245], [0.0006513999978778884, 0.0005075999943073839], [0.0005692999984603375, 0.00019439999596215785], [0.0006610999989788979, 0.00019020000763703138], [0.0012745999993057922, 0.00022799998987466097], [0.0007358000002568588, 0.00022489999537356198], [0.0007673000072827563, 0.0003770000039367005], [0.0009007000044221058, 0.00044499999785330147], [0.0011693999986164272, 0.00026559999969322234], [0.0011871000024257228, 0.0002753000007942319], [0.0008476999937556684, 0.00032219999411609024], [0.001208700006827712, 0.00028569999267347157], [0.0015226999967126176, 0.0013154000043869019], [0.0012971999967703596, 0.0004265999887138605], [0.0013818000006722286, 0.0003251000016462058]];
N_Configurations =[[3], [5], [5], [2], [2], [3], [1], [5], [6], [8], [11], [9], [16, 4], [17, 13], [18, 3], [19, 1], [20, 1], [21, 1], [22, 1], [23, 11], [24, 1], [25, 6], [26, 7], [27, 3], [28, 20], [29, 9], [30, 5]];

%Parâmetros correspondentes ao K que retornou solução
Ks_solution =[1, 1, 1, 1, 1, 1, 1, 1, 1, 1, 1, 1, 2, 2, 2, 2, 2, 2, 2, 2, 2, 2, 2, 2, 2, 2, 2];
Operacoes =[15, 36, 40, 16, 19, 30, 11, 64, 80, 118, 172, 149, 72, 247, 60, 21, 22, 23, 24, 275, 26, 162, 196, 87, 600, 279, 160];
Tempo =[0.00025630000163801014, 0.00017630000365898013, 0.00018560000171419233, 0.00016410001262556762, 0.00015169999096542597, 0.00019659999816212803, 0.0001807999942684546, 0.00028029999521095306, 0.00022309999621938914, 0.00022669999452773482, 0.0002919000107795, 0.0002582000015536323, 0.00024560000747442245, 0.0005075999943073839, 0.00019439999596215785, 0.00019020000763703138, 0.00022799998987466097, 0.00022489999537356198, 0.0003770000039367005, 0.00044499999785330147, 0.00026559999969322234, 0.0002753000007942319, 0.00032219999411609024, 0.00028569999267347157, 0.0013154000043869019, 0.0004265999887138605, 0.0003251000016462058];
N_Configurations =[3, 5, 5, 2, 2, 3, 1, 5, 6, 8, 11, 9, 4, 13, 3, 1, 1, 1, 1, 11, 1, 6, 7, 3, 20, 9, 5];
Solutions =[{2}, {2}, {2}, {2}, {2}, {2}, {7}, {2}, {2}, {2}, {2}, {2}, {9, 11}, {9, 11}, {10, 3}, {2, 4}, {18, 4}, {1, 3}, {10, 13}, {16, 3}, {8, 9}, {9, 7}, {3, 15}, {1, 13}, {0, 27}, {0, 27}, {9, 17}];
Check_if_correct =[1, 1, 1, 1, 1, 1, 1, 1, 1, 1, 1, 1, 1, 1, 1, 1, 1, 1, 1, 1, 1, 1, 1, 1, 1, 1, 1];

%Parâmetros para gráficos
Total_operacoes =[15, 36, 40, 16, 19, 30, 11, 64, 80, 118, 172, 149, 382, 619, 430, 458, 522, 529, 595, 847, 676, 853, 968, 929, 1460, 1218, 1143];
Total_configurations =[3, 5, 5, 2, 2, 3, 1, 5, 6, 8, 11, 9, 20, 30, 21, 20, 21, 22, 23, 34, 25, 31, 33, 30, 48, 38, 35];
Total_time =[0.00025630000163801014, 0.00017630000365898013, 0.00018560000171419233, 0.00016410001262556762, 0.00015169999096542597, 0.00019659999816212803, 0.0001807999942684546, 0.00028029999521095306, 0.00022309999621938914, 0.00022669999452773482, 0.0002919000107795, 0.0002582000015536323, 0.0007871000125305727, 0.0011589999921852723, 0.0007636999944224954, 0.0008513000066159293, 0.0015025999891804531, 0.0009606999956304207, 0.0011443000112194568, 0.0013457000022754073, 0.0014349999983096495, 0.0014624000032199547, 0.0011698999878717586, 0.0014943999995011836, 0.0028381000010995194, 0.00172379998548422, 0.0017069000023184344];
