_%_%_%_%_%_%_%_%_%_%_%_%_%_%_%_%_%_%_%_%_%_%_%_%_%_%_%_%_%_%_%_%_%_%_%_%_%_%_%_%_%_%_%_%_%
Explicação do cabeçalho
Ks -> Tamanho de conjuntos dominantes analisados correspondente ao valor de Size(i)
Operacoes -> Número de operações correspondente ao par (K, Size)
Tempo -> Tempo de execução correspondente ao par (K, Size) 
Solutions -> Conjunto dominante minimo
Check_if_correct -> Verificar se é realmente um conjunto dominante, 1(V) 0(F) -1(se não foi encontrado nenhum set)
Nota: Na divisão -> Parâmetros correspondentes ao K que retornou solução <- caso exista o valor 0 nas variaveis Ks_solutions, Operacoes, Tempo, N_configurations, Solutions quer dizer que não foi encontra nenhuma solução (0 é o valor default) 
Nº máximo de configurações analisadas para cada valor de K = min(N_combinações, 10);
Total Time: 0.4494621753692627 (s)
_%_%_%_%_%_%_%_%_%_%_%_%_%_%_%_%_%_%_%_%_%_%_%_%_%_%_%_%_%_%_%_%_%_%_%_%_%_%_%_%_%_%_%_%_%


%Todos os parâmetros
P =0.125;
Size =[4, 5, 6, 7, 8, 9, 10, 11, 12, 13, 14, 15, 16, 17, 18, 19, 20, 21, 22, 23, 24, 25, 26, 27, 28, 29, 30];
Ks =[[1, 2, 3], [1, 2, 3, 4], [1, 2, 3, 4, 5], [1, 2, 3, 4, 5, 6], [1, 2, 3, 4, 5], [1, 2, 3, 4, 5, 6], [1, 2, 3, 4, 5, 6], [1, 2, 3, 4, 5, 6, 7], [1, 2, 3, 4, 5, 6], [1, 2, 3, 4, 5, 6, 7], [1, 2, 3, 4, 5, 6, 7], [1, 2, 3, 4, 5, 6, 7, 8], [1, 2, 3, 4, 5, 6, 7, 8], [1, 2, 3, 4, 5, 6, 7, 8, 9], [1, 2, 3, 4, 5, 6, 7, 8, 9], [1, 2, 3, 4, 5, 6, 7, 8], [1, 2, 3, 4, 5, 6, 7, 8, 9, 10, 11], [1, 2, 3, 4, 5, 6, 7, 8, 9, 10], [1, 2, 3, 4, 5, 6, 7, 8, 9, 10], [1, 2, 3, 4, 5, 6, 7, 8, 9, 10, 11], [1, 2, 3, 4, 5, 6, 7, 8, 9, 10, 11, 12], [1, 2, 3, 4, 5, 6, 7, 8, 9, 10, 11], [1, 2, 3, 4, 5, 6, 7, 8, 9, 10, 11], [1, 2, 3, 4, 5, 6, 7, 8, 9, 10, 11, 12, 13], [1, 2, 3, 4, 5, 6, 7, 8, 9, 10, 11, 12], [1, 2, 3, 4, 5, 6, 7, 8, 9, 10, 11], [1, 2, 3, 4, 5, 6, 7, 8, 9, 10, 11, 12, 13]];
Operacoes =[[27, 36, 31], [35, 74, 80, 45], [61, 82, 90, 100, 22], [62, 94, 100, 110, 120, 13], [81, 100, 110, 120, 78], [101, 110, 120, 130, 140, 60], [148, 120, 136, 140, 150, 16], [134, 130, 140, 150, 160, 170, 18], [143, 142, 150, 160, 170, 54], [144, 150, 160, 170, 180, 190, 140], [157, 160, 173, 180, 190, 200, 147], [168, 170, 180, 190, 200, 210, 220, 92], [173, 180, 190, 200, 210, 220, 230, 168], [183, 190, 200, 210, 220, 230, 240, 250, 104], [195, 200, 210, 220, 230, 240, 250, 260, 135], [202, 210, 220, 230, 240, 250, 260, 243], [215, 220, 230, 240, 250, 260, 270, 280, 290, 300, 248], [229, 230, 240, 250, 260, 270, 280, 290, 300, 31], [236, 240, 250, 260, 270, 280, 290, 300, 310, 192], [241, 250, 260, 270, 280, 290, 300, 310, 320, 330, 68], [250, 260, 270, 280, 290, 300, 310, 320, 330, 340, 350, 144], [263, 270, 280, 290, 300, 310, 320, 330, 340, 350, 72], [272, 280, 290, 300, 310, 320, 330, 340, 350, 360, 111], [283, 290, 300, 310, 320, 330, 340, 350, 360, 370, 380, 390, 40], [291, 300, 310, 320, 330, 340, 350, 360, 370, 380, 390, 40], [301, 310, 320, 330, 340, 350, 360, 370, 380, 390, 80], [314, 320, 330, 340, 350, 360, 370, 380, 390, 400, 410, 420, 387]];
Tempos_tentados =[[0.0002108000044245273, 0.00019160000374540687, 0.0001657999964663759], [0.0001745000045048073, 0.0002069000038318336, 0.00022279999393504113, 0.00019299999985378236], [0.00022200000239536166, 0.00020799999765586108, 0.00022929999977350235, 0.00032500000088475645, 0.000192299994523637], [0.0002201000024797395, 0.0002445999998599291, 0.0002666000073077157, 0.00023630000941921026, 0.0002271999983349815, 0.00017250000382773578], [0.00023350000265054405, 0.00023520000104326755, 0.0002806999982567504, 0.00029909999284427613, 0.0003074999985983595], [0.0002604999899631366, 0.00022709999757353216, 0.0002516999957151711, 0.000225499999942258, 0.0002386999985901639, 0.00017220000154338777], [0.0002933000068878755, 0.00028789999487344176, 0.0005872999900020659, 0.0003581000055419281, 0.00024920000578276813, 0.00016650000179652125], [0.0002725000085774809, 0.0002597999991849065, 0.0002449000021442771, 0.00033989999792538583, 0.00027969999064225703, 0.0003834999952232465, 0.00023839999630581588], [0.00033460000122431666, 0.00026270000671502203, 0.00033090000215452164, 0.00028480000037234277, 0.0002629999944474548, 0.0001880999916465953], [0.0002758999908110127, 0.0003708000003825873, 0.0004960999940522015, 0.00027990000671707094, 0.0003223999956389889, 0.000302100001135841, 0.0002680000034160912], [0.0002829000004567206, 0.0002936999953817576, 0.0003926999925170094, 0.0007207999879028648, 0.0005834999901708215, 0.00035570000181905925, 0.0002536000101827085], [0.00029689999064430594, 0.0002984999882755801, 0.0003144000074826181, 0.00032580000697635114, 0.0005955999949947, 0.0004366999928606674, 0.0003519000019878149, 0.0002820000081555918], [0.0003223999956389889, 0.0003099000023212284, 0.00036809999437537044, 0.0004893000004813075, 0.0004118999931961298, 0.0003473000106168911, 0.0003485000052023679, 0.00030619998869951814], [0.0003304999991087243, 0.00033939999411813915, 0.00032929998997133225, 0.0003863000019919127, 0.00037369999336078763, 0.0005047000013291836, 0.000738600007025525, 0.0005683999916072935, 0.0002936999953817576], [0.00032890000147745013, 0.0003507000074023381, 0.0003956000000471249, 0.00036189999082125723, 0.00048129999777302146, 0.00035659999412018806, 0.0003654999891296029, 0.0005187000060686842, 0.0003595000016503036], [0.00038470000436063856, 0.000384599989047274, 0.0003701000096043572, 0.0004082999948877841, 0.0004206000012345612, 0.00038359999598469585, 0.00034559999767225236, 0.00032330000249203295], [0.00042630000098142773, 0.000505499992868863, 0.0003826000029221177, 0.00048719999904278666, 0.0004402999911690131, 0.0005602999881375581, 0.0005186000053072348, 0.0005768999981228262, 0.00041450001299381256, 0.000564500005566515, 0.0003732999903149903], [0.0004636999947251752, 0.00038189999759197235, 0.00048380000225733966, 0.0005707999953301623, 0.0004886999959126115, 0.0004225000011501834, 0.00038330000825226307, 0.0004493000014917925, 0.0004254000086802989, 0.0001652000064495951], [0.0004132000030949712, 0.0006242000090423971, 0.00035230000503361225, 0.00040410000656265765, 0.00038690000656060874, 0.00036299999919719994, 0.00041120000241789967, 0.0004067000118084252, 0.0003927000070689246, 0.0003684999974211678], [0.0003324999997857958, 0.0003217000048607588, 0.0005689000099664554, 0.0004817000008188188, 0.0004393999988678843, 0.00039659999310970306, 0.000708199993823655, 0.0005302000063238665, 0.0004545999981928617, 0.00047060000360943377, 0.00021019999985583127], [0.0003615999885369092, 0.00041840001358650625, 0.00044580000394489616, 0.0006273999897530302, 0.0004228000034345314, 0.00045089999912306666, 0.0003913999971700832, 0.0003839999990304932, 0.0004256999964127317, 0.00044019999040756375, 0.0005838000070070848, 0.000411300003179349], [0.0005703000060748309, 0.0005358999915188178, 0.0005479999963426962, 0.00042549999488983303, 0.0004611000040313229, 0.0007933000015327707, 0.00044299999717622995, 0.00047679999261163175, 0.00043030000233557075, 0.0005212999967625365, 0.00020920000679325312], [0.00041849999979604036, 0.0005944000004092231, 0.0003895999980159104, 0.0004378999874461442, 0.0003927999932784587, 0.0004276999970898032, 0.0005859999946551397, 0.0006577000021934509, 0.0008538999973097816, 0.0004920999926980585, 0.0002931000053649768], [0.000378400000045076, 0.000520800007507205, 0.0004518999921856448, 0.0007458999898517504, 0.0005827000131830573, 0.0005375000037020072, 0.0005002999969292432, 0.0006428000051528215, 0.000480500006233342, 0.0005701999907614663, 0.0008343000081367791, 0.000512800004798919, 0.00018790000467561185], [0.0003606000100262463, 0.00036249999538995326, 0.00044299999717622995, 0.000461199990240857, 0.0006454999966081232, 0.0004712999943876639, 0.00044689999776892364, 0.00046629999997094274, 0.00046999999904073775, 0.0005941999988863245, 0.0005343000084394589, 0.0002972000074805692], [0.0003631999861681834, 0.000418399999034591, 0.00041760000749491155, 0.0004999000084353611, 0.0005478999955812469, 0.0005213999975239858, 0.0008241000032285228, 0.0005066999874543399, 0.0005673999985447153, 0.0005666000070050359, 0.00026000000070780516], [0.0006737999938195571, 0.0006782999989809468, 0.0012483000027714297, 0.0006642000080319121, 0.0006008999916957691, 0.0007769000076223165, 0.0008498000097461045, 0.000676800002111122, 0.0007947000121930614, 0.0007620999967912212, 0.0008450999885099009, 0.0007978000066941604, 0.0009005999891087413]];
N_Configurations =[[4, 6, 4], [5, 10, 10, 5], [6, 10, 10, 10, 2], [7, 10, 10, 10, 10, 1], [8, 10, 10, 10, 6], [9, 10, 10, 10, 10, 4], [10, 10, 10, 10, 10, 1], [10, 10, 10, 10, 10, 10, 1], [10, 10, 10, 10, 10, 3], [10, 10, 10, 10, 10, 10, 7], [10, 10, 10, 10, 10, 10, 7], [10, 10, 10, 10, 10, 10, 10, 4], [10, 10, 10, 10, 10, 10, 10, 7], [10, 10, 10, 10, 10, 10, 10, 10, 4], [10, 10, 10, 10, 10, 10, 10, 10, 5], [10, 10, 10, 10, 10, 10, 10, 9], [10, 10, 10, 10, 10, 10, 10, 10, 10, 10, 8], [10, 10, 10, 10, 10, 10, 10, 10, 10, 1], [10, 10, 10, 10, 10, 10, 10, 10, 10, 6], [10, 10, 10, 10, 10, 10, 10, 10, 10, 10, 2], [10, 10, 10, 10, 10, 10, 10, 10, 10, 10, 10, 4], [10, 10, 10, 10, 10, 10, 10, 10, 10, 10, 2], [10, 10, 10, 10, 10, 10, 10, 10, 10, 10, 3], [10, 10, 10, 10, 10, 10, 10, 10, 10, 10, 10, 10, 1], [10, 10, 10, 10, 10, 10, 10, 10, 10, 10, 10, 1], [10, 10, 10, 10, 10, 10, 10, 10, 10, 10, 2], [10, 10, 10, 10, 10, 10, 10, 10, 10, 10, 10, 10, 9]];

%Parâmetros correspondentes ao K que retornou solução
Ks_solution =[0, 0, 5, 6, 5, 6, 6, 7, 6, 7, 7, 8, 8, 9, 9, 8, 11, 10, 10, 11, 12, 11, 11, 13, 12, 11, 13];
Operacoes =[0, 0, 22, 13, 78, 60, 16, 18, 54, 140, 147, 92, 168, 104, 135, 243, 248, 31, 192, 68, 144, 72, 111, 40, 40, 80, 387];
Tempo =[0, 0, 0.000192299994523637, 0.00017250000382773578, 0.0003074999985983595, 0.00017220000154338777, 0.00016650000179652125, 0.00023839999630581588, 0.0001880999916465953, 0.0002680000034160912, 0.0002536000101827085, 0.0002820000081555918, 0.00030619998869951814, 0.0002936999953817576, 0.0003595000016503036, 0.00032330000249203295, 0.0003732999903149903, 0.0001652000064495951, 0.0003684999974211678, 0.00021019999985583127, 0.000411300003179349, 0.00020920000679325312, 0.0002931000053649768, 0.00018790000467561185, 0.0002972000074805692, 0.00026000000070780516, 0.0009005999891087413];
N_Configurations =[0, 0, 2, 1, 6, 4, 1, 1, 3, 7, 7, 4, 7, 4, 5, 9, 8, 1, 6, 2, 4, 2, 3, 1, 1, 2, 9];
Solutions =[0, 0, {0, 1, 2, 3, 5}, {0, 1, 2, 3, 4, 5}, {1, 2, 5, 6, 7}, {1, 2, 4, 6, 7, 8}, {0, 3, 4, 7, 8, 9}, {1, 2, 5, 6, 7, 8, 10}, {2, 5, 6, 7, 8, 11}, {1, 2, 5, 6, 7, 8, 12}, {0, 1, 4, 6, 7, 8, 9}, {2, 4, 5, 6, 7, 8, 9, 14}, {1, 2, 5, 6, 7, 8, 9, 15}, {2, 3, 4, 6, 7, 8, 9, 12, 14}, {0, 4, 6, 7, 8, 9, 14, 15, 17}, {4, 7, 8, 12, 14, 15, 17, 18}, {0, 1, 2, 3, 4, 5, 7, 8, 12, 13, 18}, {0, 2, 5, 6, 7, 10, 11, 14, 17, 19}, {1, 3, 5, 10, 11, 16, 17, 19, 20, 21}, {0, 1, 5, 7, 8, 9, 10, 18, 20, 21, 22}, {2, 4, 5, 7, 8, 10, 11, 12, 15, 18, 21, 23}, {2, 6, 8, 10, 13, 14, 17, 19, 22, 23, 24}, {5, 6, 8, 9, 10, 12, 13, 18, 20, 22, 25}, {4, 9, 10, 12, 13, 15, 16, 17, 19, 22, 23, 24, 25}, {0, 5, 7, 9, 11, 12, 14, 17, 20, 21, 22, 25}, {3, 4, 11, 12, 13, 17, 18, 20, 22, 25, 26}, {0, 2, 4, 8, 9, 18, 19, 21, 22, 23, 24, 26, 27}];
Check_if_correct =[-1, -1, 1, 1, 1, 1, 1, 1, 1, 1, 1, 1, 1, 1, 1, 1, 1, 1, 1, 1, 1, 1, 1, 1, 1, 1, 1];

%Parâmetros para gráficos
Total_operacoes =[94, 234, 355, 499, 489, 661, 710, 902, 819, 1134, 1207, 1430, 1571, 1827, 1940, 1855, 2803, 2380, 2628, 2919, 3444, 3125, 3263, 4063, 3781, 3531, 4771];
Total_configurations =[14, 30, 38, 48, 44, 53, 51, 61, 53, 67, 67, 74, 77, 84, 85, 79, 108, 91, 96, 102, 114, 102, 103, 121, 111, 102, 129];
Total_time =[0.00056820000463631, 0.0007972000021254644, 0.0011765999952331185, 0.0013673000212293118, 0.0013559999933931977, 0.0013756999833276495, 0.0019423000048846006, 0.0020186999900033697, 0.0016640999965602532, 0.0023151999921537936, 0.0028828999784309417, 0.0029017999913776293, 0.002903599990531802, 0.0038645999738946557, 0.0035186999884899706, 0.0030207999952835962, 0.005249999987427145, 0.004234600011841394, 0.004122800048207864, 0.004914600009215064, 0.005363299991586246, 0.005414699990069494, 0.005543699968256988, 0.006946000023162924, 0.00555299999541603, 0.005493199991178699, 0.010269300008076243];


%Todos os parâmetros
P =0.25;
Size =[4, 5, 6, 7, 8, 9, 10, 11, 12, 13, 14, 15, 16, 17, 18, 19, 20, 21, 22, 23, 24, 25, 26, 27, 28, 29, 30];
Ks =[[1, 2, 3], [1, 2, 3, 4], [1, 2, 3, 4], [1, 2, 3], [1, 2, 3], [1, 2, 3, 4], [1, 2, 3], [1, 2, 3, 4, 5], [1, 2, 3, 4, 5, 6, 7], [1, 2, 3, 4], [1, 2, 3, 4, 5], [1, 2, 3, 4, 5, 6], [1, 2, 3, 4, 5], [1, 2, 3, 4, 5, 6], [1, 2, 3, 4, 5], [1, 2, 3, 4, 5, 6, 7], [1, 2, 3, 4, 5, 6, 7], [1, 2, 3, 4, 5, 6], [1, 2, 3, 4, 5, 6, 7], [1, 2, 3, 4, 5, 6, 7, 8, 9, 10], [1, 2, 3, 4, 5, 6, 7, 8], [1, 2, 3, 4, 5, 6, 7, 8, 9, 10, 11], [1, 2, 3, 4, 5, 6, 7, 8], [1, 2, 3, 4, 5, 6, 7, 8, 9, 10], [1, 2, 3, 4, 5, 6, 7, 8], [1, 2, 3, 4, 5, 6, 7, 8, 9, 10], [1, 2, 3, 4, 5, 6, 7, 8]];
Operacoes =[[22, 36, 28], [36, 74, 86, 9], [49, 82, 90, 30], [64, 96, 30], [83, 100, 55], [102, 110, 120, 13], [142, 122, 104], [124, 130, 140, 150, 16], [147, 140, 150, 160, 170, 180, 95], [146, 150, 160, 136], [154, 160, 170, 180, 133], [170, 170, 180, 190, 200, 42], [174, 180, 190, 200, 42], [184, 190, 200, 210, 220, 115], [195, 200, 210, 220, 92], [204, 210, 220, 230, 240, 250, 182], [214, 220, 230, 240, 250, 260, 27], [221, 230, 240, 250, 260, 54], [234, 242, 250, 260, 270, 280, 29], [247, 250, 260, 270, 280, 290, 300, 310, 320, 66], [254, 260, 270, 280, 290, 300, 310, 320], [263, 270, 280, 290, 300, 310, 320, 330, 340, 350, 252], [274, 280, 290, 300, 310, 320, 330, 136], [286, 290, 300, 310, 320, 330, 340, 350, 360, 37], [292, 300, 310, 320, 330, 340, 350, 108], [304, 310, 320, 330, 340, 350, 360, 370, 380, 312], [314, 320, 330, 340, 350, 360, 370, 152]];
Tempos_tentados =[[0.00020120000408496708, 0.0002209999947808683, 0.0001655999949434772], [0.00023130000045057386, 0.00024739999207668006, 0.00025009999808389693, 0.0001615999935893342], [0.00019720000273082405, 0.00033819999953266233, 0.0003375999949639663, 0.0001736999984132126], [0.0002066999877570197, 0.0002581999870017171, 0.00018780000391416252], [0.00021740001102443784, 0.0002876999933505431, 0.00019260001135990024], [0.00023950000468175858, 0.00024090000079013407, 0.00023580000561196357, 0.00015339998935814947], [0.00031630000739824027, 0.00035000000207219273, 0.00037259999953676015], [0.0003569999971659854, 0.0003132999991066754, 0.00034010001400019974, 0.0003693000035127625, 0.0002162000018870458], [0.0003938999871024862, 0.00026130001060664654, 0.00028619999648071826, 0.0002548000047681853, 0.0002894999925047159, 0.00031030000536702573, 0.00025859999004751444], [0.0003173000004608184, 0.00033460000122431666, 0.00042270000267308205, 0.0003566999948816374], [0.0003327000013086945, 0.00032809999538585544, 0.00029739999445155263, 0.00038409999979194254, 0.0003071999963140115], [0.0003480000013951212, 0.0004512000014074147, 0.00043849999201484025, 0.0003077000001212582, 0.0003335999936098233, 0.0001706000039121136], [0.00028240001120138913, 0.00032500000088475645, 0.0003589999978430569, 0.0003104999923380092, 0.00027409999165683985], [0.0003409999917494133, 0.00034389999927952886, 0.00035400000342633575, 0.00034889999369625, 0.00039069999183993787, 0.0002640000020619482], [0.00038500000664498657, 0.0005049999890616164, 0.0004861999914282933, 0.0003546999942045659, 0.00023249999503605068], [0.0003355000080773607, 0.00041870000131893903, 0.0004126999992877245, 0.0006362999993143603, 0.0005450000026030466, 0.0003564999933587387, 0.0003156000020680949], [0.0004419000033522025, 0.00045340000360738486, 0.00037900000461377203, 0.000526999996509403, 0.0004230999911669642, 0.0004963000101270154, 0.00017490000755060464], [0.00030870000773575157, 0.00033969999640248716, 0.00039209998794831336, 0.0004361000028438866, 0.0005681000038748607, 0.00026420000358484685], [0.00033769999572541565, 0.00034169999707955867, 0.00041619999683462083, 0.0003583000070648268, 0.0003648999991128221, 0.0003870000073220581, 0.0002455000067129731], [0.000407300001825206, 0.00036860001273453236, 0.00039679999463260174, 0.0004459000047063455, 0.00043339999683666974, 0.00037429999792948365, 0.00045779999345541, 0.0006962999905226752, 0.0004935999895678833, 0.00023910000163596123], [0.00036020000698044896, 0.0003635000030044466, 0.00043569999979808927, 0.000448200007667765, 0.0004191000043647364, 0.0004810999962501228, 0.0005314000009093434, 0.00042209999810438603], [0.0004228000034345314, 0.00041530000453349203, 0.0005966000026091933, 0.0005510000046342611, 0.0005567999905906618, 0.0005146000039530918, 0.00048430000606458634, 0.0006928999937372282, 0.0007215000077849254, 0.0007825999928172678, 0.0007753000099910423], [0.0004222999996272847, 0.00042609999945852906, 0.0005244999920250848, 0.000407300001825206, 0.00045000000682193786, 0.000810900004580617, 0.0007674999942537397, 0.00033229999826289713], [0.0003853999951388687, 0.0004290999931981787, 0.0005298999894876033, 0.0018712999881245196, 0.0007785000052535906, 0.0004970000009052455, 0.0005110999918542802, 0.0006351000047288835, 0.0010345999908167869, 0.00025860000459942967], [0.0006524000054923818, 0.0007631000044057146, 0.00062600000819657, 0.0008431000023847446, 0.0008033999911276624, 0.0006847000040579587, 0.0006855000101495534, 0.0003986999945482239], [0.0004606000002240762, 0.0003848000051220879, 0.0004602999979397282, 0.00043829999049194157, 0.000490099992020987, 0.0004592000041157007, 0.00045989999489393085, 0.0007546999986516312, 0.0004898000042885542, 0.00047479999193456024], [0.000709400002961047, 0.00048329999845009297, 0.0008837000059429556, 0.0006740999961039051, 0.0007585999992443249, 0.0005196999991312623, 0.0008471000037388876, 0.00031210000452119857]];
N_Configurations =[[4, 6, 4], [5, 10, 10, 1], [6, 10, 10, 3], [7, 10, 3], [8, 10, 5], [9, 10, 10, 1], [10, 10, 8], [10, 10, 10, 10, 1], [10, 10, 10, 10, 10, 10, 5], [10, 10, 10, 8], [10, 10, 10, 10, 7], [10, 10, 10, 10, 10, 2], [10, 10, 10, 10, 2], [10, 10, 10, 10, 10, 5], [10, 10, 10, 10, 4], [10, 10, 10, 10, 10, 10, 7], [10, 10, 10, 10, 10, 10, 1], [10, 10, 10, 10, 10, 2], [10, 10, 10, 10, 10, 10, 1], [10, 10, 10, 10, 10, 10, 10, 10, 10, 2], [10, 10, 10, 10, 10, 10, 10, 10], [10, 10, 10, 10, 10, 10, 10, 10, 10, 10, 7], [10, 10, 10, 10, 10, 10, 10, 4], [10, 10, 10, 10, 10, 10, 10, 10, 10, 1], [10, 10, 10, 10, 10, 10, 10, 3], [10, 10, 10, 10, 10, 10, 10, 10, 10, 8], [10, 10, 10, 10, 10, 10, 10, 4]];

%Parâmetros correspondentes ao K que retornou solução
Ks_solution =[0, 4, 4, 3, 3, 4, 3, 5, 7, 4, 5, 6, 5, 6, 5, 7, 7, 6, 7, 10, 8, 11, 8, 10, 8, 10, 8];
Operacoes =[0, 9, 30, 30, 55, 13, 104, 16, 95, 136, 133, 42, 42, 115, 92, 182, 27, 54, 29, 66, 320, 252, 136, 37, 108, 312, 152];
Tempo =[0, 0.0001615999935893342, 0.0001736999984132126, 0.00018780000391416252, 0.00019260001135990024, 0.00015339998935814947, 0.00037259999953676015, 0.0002162000018870458, 0.00025859999004751444, 0.0003566999948816374, 0.0003071999963140115, 0.0001706000039121136, 0.00027409999165683985, 0.0002640000020619482, 0.00023249999503605068, 0.0003156000020680949, 0.00017490000755060464, 0.00026420000358484685, 0.0002455000067129731, 0.00023910000163596123, 0.00042209999810438603, 0.0007753000099910423, 0.00033229999826289713, 0.00025860000459942967, 0.0003986999945482239, 0.00047479999193456024, 0.00031210000452119857];
N_Configurations =[0, 1, 3, 3, 5, 1, 8, 1, 5, 8, 7, 2, 2, 5, 4, 7, 1, 2, 1, 2, 10, 7, 4, 1, 3, 8, 4];
Solutions =[0, {0, 2, 3, 4}, {2, 3, 4, 5}, {0, 1, 6}, {1, 4, 6}, {8, 4, 5, 6}, {9, 2, 4}, {0, 1, 3, 7, 8}, {0, 2, 5, 6, 8, 9, 11}, {8, 9, 12, 4}, {4, 8, 9, 10, 12}, {4, 6, 7, 9, 13, 14}, {5, 6, 7, 12, 13}, {1, 8, 9, 12, 13, 15}, {4, 8, 9, 10, 17}, {4, 8, 9, 12, 15, 17, 18}, {1, 4, 6, 10, 15, 16, 17}, {1, 6, 9, 12, 13, 15}, {1, 3, 4, 8, 11, 17, 18}, {2, 3, 6, 9, 11, 13, 16, 18, 20, 22}, {7, 9, 10, 12, 13, 14, 19, 22}, {1, 7, 10, 11, 14, 15, 18, 19, 20, 22, 24}, {1, 5, 11, 14, 15, 20, 23, 24}, {0, 1, 3, 6, 8, 12, 13, 18, 21, 22}, {2, 4, 10, 17, 18, 19, 20, 27}, {0, 1, 3, 10, 14, 15, 16, 25, 27, 28}, {6, 15, 18, 19, 24, 26, 27, 28}];
Check_if_correct =[-1, 1, 1, 1, 1, 1, 1, 1, 1, 1, 1, 1, 1, 1, 1, 1, 1, 1, 1, 1, 1, 1, 1, 1, 1, 1, 1];

%Parâmetros para gráficos
Total_operacoes =[86, 205, 251, 190, 238, 345, 368, 560, 1042, 592, 797, 952, 786, 1119, 917, 1536, 1441, 1255, 1565, 2593, 2284, 3305, 2240, 2923, 2350, 3376, 2536];
Total_configurations =[14, 26, 29, 20, 23, 30, 28, 41, 65, 38, 47, 52, 42, 55, 44, 67, 61, 52, 61, 92, 80, 107, 74, 91, 73, 98, 74];
Total_time =[0.0005877999938093126, 0.000890399984200485, 0.0010466999956406653, 0.0006526999786728993, 0.0006977000157348812, 0.0008696000004420057, 0.0010389000090071931, 0.0015959000156726688, 0.0020545999868772924, 0.0014312999992398545, 0.0016494999872520566, 0.0020495999924605712, 0.0015509999939240515, 0.002042499982053414, 0.0019633999763755128, 0.0030203000060282648, 0.0028956000169273466, 0.0023089000023901463, 0.0024513000098522753, 0.004313099983846769, 0.0034613000170793384, 0.0065137000201502815, 0.004140899996855296, 0.006930599964107387, 0.005456900020362809, 0.004872499979683198, 0.005188000010093674];


%Todos os parâmetros
P =0.5;
Size =[4, 5, 6, 7, 8, 9, 10, 11, 12, 13, 14, 15, 16, 17, 18, 19, 20, 21, 22, 23, 24, 25, 26, 27, 28, 29, 30];
Ks =[[1, 2], [1, 2], [1, 2], [1, 2], [1, 2], [1, 2, 3], [1, 2], [1, 2], [1, 2, 3], [1, 2], [1, 2], [1, 2, 3], [1, 2, 3, 4], [1, 2, 3, 4], [1, 2, 3], [1, 2], [1, 2, 3], [1, 2, 3], [1, 2, 3, 4, 5], [1, 2, 3, 4], [1, 2, 3, 4], [1, 2, 3, 4], [1, 2, 3, 4], [1, 2, 3, 4], [1, 2, 3, 4, 5], [1, 2, 3], [1, 2, 3]];
Operacoes =[[21, 6], [34, 7], [45, 8], [80, 18], [85, 80], [97, 112, 60], [125, 84], [134, 67], [135, 140, 15], [144, 60], [155, 16], [164, 170, 90], [179, 180, 190, 60], [182, 190, 200, 84], [193, 204, 147], [207, 147], [213, 220, 207], [220, 230, 192], [234, 240, 250, 260, 81], [243, 250, 260, 108], [252, 260, 270, 196], [263, 270, 280, 87], [270, 280, 290, 30], [283, 290, 300, 62], [292, 300, 310, 320, 33], [303, 310, 96], [315, 320, 132]];
Tempos_tentados =[[0.00020229999790899456, 0.00017220000154338777], [0.00021340000967029482, 0.00021359999664127827], [0.0002384999970672652, 0.0001951000012923032], [0.0004254000086802989, 0.0002057999954558909], [0.0002300000051036477, 0.00023219999275170267], [0.00035370000114198774, 0.0003555000002961606, 0.00025320000713691115], [0.00039739999920129776, 0.0002330999996047467], [0.000312299991492182, 0.00022980000358074903], [0.0003268000000389293, 0.0002978999982587993, 0.00018590000399854034], [0.0004440000047907233, 0.0002401000092504546], [0.00026960000104736537, 0.0001703000016277656], [0.0003617000038502738, 0.00037910000537522137, 0.0004434000002220273], [0.000557700011995621, 0.0005500999977812171, 0.00036419999378267676, 0.00024219999613706023], [0.00035339999885763973, 0.0003470999945420772, 0.0003519000019878149, 0.00037570000858977437], [0.00030250000418163836, 0.00034309999318793416, 0.0002982000005431473], [0.0003324000135762617, 0.0003097000007983297], [0.00037370000791270286, 0.0005717000021832064, 0.0004596999933710322], [0.0003505000058794394, 0.0003532000118866563, 0.00032649999775458127], [0.0004186000005574897, 0.0005160000000614673, 0.0006105000065872446, 0.0004852999991271645, 0.00022480000916402787], [0.00037340000562835485, 0.0004005999944638461, 0.0005109000048832968, 0.00028110000130254775], [0.0005002999969292432, 0.0004208000027574599, 0.0005161000008229166, 0.00039670000842306763], [0.0004400000034365803, 0.0004118999931961298, 0.00041229999624192715, 0.0002623000036692247], [0.0005439999949885532, 0.0003932999970857054, 0.000538399996003136, 0.00020979999681003392], [0.000488500008941628, 0.00045419999514706433, 0.0004788000078406185, 0.00021460000425577164], [0.0003829000052064657, 0.00042449998727533966, 0.0004098000063095242, 0.00043420000292826444, 0.0001745999907143414], [0.00041560000681784004, 0.0006893999961903319, 0.000265499998931773], [0.0004442999925231561, 0.0006895999977132306, 0.00029320000612642616]];
N_Configurations =[[4, 1], [5, 1], [6, 1], [7, 2], [8, 8], [9, 10, 5], [10, 7], [10, 5], [10, 10, 1], [10, 4], [10, 1], [10, 10, 5], [10, 10, 10, 3], [10, 10, 10, 4], [10, 10, 7], [10, 7], [10, 10, 9], [10, 10, 8], [10, 10, 10, 10, 3], [10, 10, 10, 4], [10, 10, 10, 7], [10, 10, 10, 3], [10, 10, 10, 1], [10, 10, 10, 2], [10, 10, 10, 10, 1], [10, 10, 3], [10, 10, 4]];

%Parâmetros correspondentes ao K que retornou solução
Ks_solution =[2, 2, 2, 2, 2, 3, 2, 2, 3, 2, 2, 3, 4, 4, 3, 2, 3, 3, 5, 4, 4, 4, 4, 4, 5, 3, 3];
Operacoes =[6, 7, 8, 18, 80, 60, 84, 67, 15, 60, 16, 90, 60, 84, 147, 147, 207, 192, 81, 108, 196, 87, 30, 62, 33, 96, 132];
Tempo =[0.00017220000154338777, 0.00021359999664127827, 0.0001951000012923032, 0.0002057999954558909, 0.00023219999275170267, 0.00025320000713691115, 0.0002330999996047467, 0.00022980000358074903, 0.00018590000399854034, 0.0002401000092504546, 0.0001703000016277656, 0.0004434000002220273, 0.00024219999613706023, 0.00037570000858977437, 0.0002982000005431473, 0.0003097000007983297, 0.0004596999933710322, 0.00032649999775458127, 0.00022480000916402787, 0.00028110000130254775, 0.00039670000842306763, 0.0002623000036692247, 0.00020979999681003392, 0.00021460000425577164, 0.0001745999907143414, 0.000265499998931773, 0.00029320000612642616];
N_Configurations =[1, 1, 1, 2, 8, 5, 7, 5, 1, 4, 1, 5, 3, 4, 7, 7, 9, 8, 3, 4, 7, 3, 1, 2, 1, 3, 4];
Solutions =[{2, 3}, {1, 3}, {0, 2}, {0, 2}, {2, 3}, {1, 3, 4}, {9, 6}, {9, 10}, {8, 2, 3}, {9, 10}, {3, 12}, {1, 4, 9}, {8, 1, 3, 7}, {16, 1, 4, 15}, {8, 3, 12}, {2, 10}, {8, 2, 3}, {17, 12, 9}, {4, 5, 7, 12, 19}, {0, 10, 20, 14}, {2, 11, 4, 13}, {0, 20, 21, 22}, {8, 0, 12, 20}, {24, 26, 12, 6}, {0, 2, 6, 8, 21}, {0, 2, 27}, {26, 27, 23}];
Check_if_correct =[1, 1, 1, 1, 1, 1, 1, 1, 1, 1, 1, 1, 1, 1, 1, 1, 1, 1, 1, 1, 1, 1, 1, 1, 1, 1, 1];

%Parâmetros para gráficos
Total_operacoes =[27, 41, 53, 98, 165, 269, 209, 201, 290, 204, 171, 424, 609, 656, 544, 354, 640, 642, 1065, 861, 978, 900, 870, 935, 1255, 709, 767];
Total_configurations =[5, 6, 7, 9, 16, 24, 17, 15, 21, 14, 11, 25, 33, 34, 27, 17, 29, 28, 43, 34, 37, 33, 31, 32, 41, 23, 24];
Total_time =[0.0003744999994523823, 0.0004270000063115731, 0.0004335999983595684, 0.0006312000041361898, 0.0004621999978553504, 0.0009624000085750595, 0.0006304999988060445, 0.000542099995072931, 0.0008106000022962689, 0.0006841000140411779, 0.00043990000267513096, 0.0011842000094475225, 0.001714199999696575, 0.0014281000039773062, 0.0009437999979127198, 0.0006421000143745914, 0.0014051000034669414, 0.001030200015520677, 0.002255200015497394, 0.0015660000062780455, 0.0018339000089326873, 0.001526499996543862, 0.0016854999848874286, 0.0016361000161850825, 0.0018259999924339354, 0.001370500001939945, 0.0014270999963628128];


%Todos os parâmetros
P =0.75;
Size =[4, 5, 6, 7, 8, 9, 10, 11, 12, 13, 14, 15, 16, 17, 18, 19, 20, 21, 22, 23, 24, 25, 26, 27, 28, 29, 30];
Ks =[[1], [1], [1], [1], [1], [1], [1], [1], [1], [1], [1], [1], [1, 2], [1, 2], [1, 2], [1, 2], [1, 2], [1, 2], [1, 2], [1, 2], [1, 2], [1, 2], [1, 2], [1, 2], [1, 2], [1, 2], [1, 2, 3]];
Operacoes =[[12], [35], [22], [42], [19], [20], [11], [36], [40], [56], [106], [48], [171, 36], [184, 76], [194, 40], [210, 42], [212, 22], [222, 46], [232, 24], [242, 75], [252, 130], [261, 27], [270, 252], [280, 58], [294, 210], [304, 31], [314, 320, 66]];
Tempos_tentados =[[0.00025749999622348696], [0.00031600000511389226], [0.0002347999979974702], [0.00025019999884534627], [0.0002423999976599589], [0.0001934000028995797], [0.00019700000120792538], [0.00026960000104736537], [0.0003178999904775992], [0.0003043000033358112], [0.0004014000005554408], [0.000265800001216121], [0.00033739999344106764, 0.0002057999954558909], [0.0005019999953219667, 0.00023710000095888972], [0.0003527999942889437, 0.00017529999604448676], [0.0003597000031732023, 0.00021040000137872994], [0.00042350000876467675, 0.00028619999648071826], [0.0005176000122446567, 0.00028739999106619507], [0.0004585999995470047, 0.0002035999932559207], [0.0005209999944781885, 0.0002455000067129731], [0.0004947999987052754, 0.0002817000058712438], [0.00041429999691899866, 0.0002116999967256561], [0.0005475999932968989, 0.0005434000049717724], [0.000513400009367615, 0.0002283000067109242], [0.00044469999556895345, 0.0004048999981023371], [0.0005013000045437366, 0.00018980000459123403], [0.0005260000034468248, 0.0005085000011604279, 0.00025919999461621046]];
N_Configurations =[[2], [5], [3], [5], [2], [2], [1], [3], [3], [4], [7], [3], [10, 2], [10, 4], [10, 2], [10, 2], [10, 1], [10, 2], [10, 1], [10, 3], [10, 5], [10, 1], [10, 9], [10, 2], [10, 7], [10, 1], [10, 10, 2]];

%Parâmetros correspondentes ao K que retornou solução
Ks_solution =[1, 1, 1, 1, 1, 1, 1, 1, 1, 1, 1, 1, 2, 2, 2, 2, 2, 2, 2, 2, 2, 2, 2, 2, 2, 2, 3];
Operacoes =[12, 35, 22, 42, 19, 20, 11, 36, 40, 56, 106, 48, 36, 76, 40, 42, 22, 46, 24, 75, 130, 27, 252, 58, 210, 31, 66];
Tempo =[0.00025749999622348696, 0.00031600000511389226, 0.0002347999979974702, 0.00025019999884534627, 0.0002423999976599589, 0.0001934000028995797, 0.00019700000120792538, 0.00026960000104736537, 0.0003178999904775992, 0.0003043000033358112, 0.0004014000005554408, 0.000265800001216121, 0.0002057999954558909, 0.00023710000095888972, 0.00017529999604448676, 0.00021040000137872994, 0.00028619999648071826, 0.00028739999106619507, 0.0002035999932559207, 0.0002455000067129731, 0.0002817000058712438, 0.0002116999967256561, 0.0005434000049717724, 0.0002283000067109242, 0.0004048999981023371, 0.00018980000459123403, 0.00025919999461621046];
N_Configurations =[2, 5, 3, 5, 2, 2, 1, 3, 3, 4, 7, 3, 2, 4, 2, 2, 1, 2, 1, 3, 5, 1, 9, 2, 7, 1, 2];
Solutions =[{2}, {2}, {2}, {2}, {7}, {7}, {2}, {2}, {2}, {2}, {2}, {2}, {3, 15}, {9, 7}, {9, 3}, {18, 11}, {14, 6}, {14, 15}, {16, 9}, {16, 20}, {2, 11}, {2, 13}, {9, 17}, {16, 25}, {2, 21}, {20, 28}, {8, 19, 29}];
Check_if_correct =[1, 1, 1, 1, 1, 1, 1, 1, 1, 1, 1, 1, 1, 1, 1, 1, 1, 1, 1, 1, 1, 1, 1, 1, 1, 1, 1];

%Parâmetros para gráficos
Total_operacoes =[12, 35, 22, 42, 19, 20, 11, 36, 40, 56, 106, 48, 207, 260, 234, 252, 234, 268, 256, 317, 382, 288, 522, 338, 504, 335, 700];
Total_configurations =[2, 5, 3, 5, 2, 2, 1, 3, 3, 4, 7, 3, 12, 14, 12, 12, 11, 12, 11, 13, 15, 11, 19, 12, 17, 11, 22];
Total_time =[0.00025749999622348696, 0.00031600000511389226, 0.0002347999979974702, 0.00025019999884534627, 0.0002423999976599589, 0.0001934000028995797, 0.00019700000120792538, 0.00026960000104736537, 0.0003178999904775992, 0.0003043000033358112, 0.0004014000005554408, 0.000265800001216121, 0.0005431999888969585, 0.0007390999962808564, 0.0005280999903334305, 0.0005701000045519322, 0.000709700005245395, 0.0008050000033108518, 0.0006621999928029254, 0.0007665000011911616, 0.0007765000045765191, 0.0006259999936446548, 0.0010909999982686713, 0.0007417000160785392, 0.0008495999936712906, 0.0006911000091349706, 0.0012936999992234632];
