_%_%_%_%_%_%_%_%_%_%_%_%_%_%_%_%_%_%_%_%_%_%_%_%_%_%_%_%_%_%_%_%_%_%_%_%_%_%_%_%_%_%_%_%_%
Explicação do cabeçalho
Ks -> Tamanho de conjuntos dominantes analisados correspondente ao valor de Size(i)
Operacoes -> Número de operações correspondente ao par (K, Size)
Tempo -> Tempo de execução correspondente ao par (K, Size) 
Solutions -> Conjunto dominante minimo
Check_if_correct -> Verificar se é realmente um conjunto dominante, 1(V) 0(F) -1(se não foi encontrado nenhum set)
Nota: Na divisão -> Parâmetros correspondentes ao K que retornou solução <- caso exista o valor 0 nas variaveis Ks_solutions, Operacoes, Tempo, N_configurations, Solutions quer dizer que não foi encontra nenhuma solução (0 é o valor default) 
Total Time: 4411.284117937088 (s)
Nº de configurações analisadas para cada valor de K = min(N_combinações, 1000);
_%_%_%_%_%_%_%_%_%_%_%_%_%_%_%_%_%_%_%_%_%_%_%_%_%_%_%_%_%_%_%_%_%_%_%_%_%_%_%_%_%_%_%_%_%


%Todos os parâmetros
P =0.125;
Size =[4, 5, 6, 7, 8, 9, 10, 11, 12, 13, 14, 15, 16, 17, 18, 19, 20, 21, 22, 23, 24, 25, 26, 27, 28, 29, 30];
Ks =[[1, 2, 3], [1, 2, 3, 4], [1, 2, 3, 4, 5], [1, 2, 3, 4, 5], [1, 2, 3, 4, 5], [1, 2, 3, 4, 5, 6], [1, 2, 3, 4, 5], [1, 2, 3, 4, 5], [1, 2, 3, 4, 5], [1, 2, 3, 4, 5], [1, 2, 3, 4, 5], [1, 2, 3, 4, 5, 6], [1, 2, 3, 4, 5, 6], [1, 2, 3, 4, 5, 6, 7], [1, 2, 3, 4, 5, 6, 7], [1, 2, 3, 4, 5, 6], [1, 2, 3, 4, 5, 6, 7], [1, 2, 3, 4, 5, 6, 7], [1, 2, 3, 4, 5, 6, 7], [1, 2, 3, 4, 5, 6, 7], [1, 2, 3, 4, 5, 6, 7], [1, 2, 3, 4, 5, 6, 7], [1, 2, 3, 4, 5, 6, 7], [1, 2, 3, 4, 5, 6, 7], [1, 2, 3, 4, 5, 6, 7], [1, 2, 3, 4, 5, 6, 7], [1, 2, 3, 4, 5, 6, 7, 8]];
Operacoes =[[64, 72, 32], [125, 200, 150, 50], [216, 450, 480, 270, 6], [343, 882, 1225, 980, 7], [512, 1568, 2688, 2800, 8], [729, 2592, 5292, 6804, 5670, 36], [1000, 4050, 9600, 14700, 1010], [1331, 6050, 16335, 29040, 2112], [1728, 8712, 26400, 53460, 9084], [2197, 12168, 40898, 92950, 15561], [2744, 16562, 61152, 154154, 25298], [3375, 22050, 88725, 245700, 495495, 24375], [4096, 28800, 125440, 378560, 838656, 52304], [4913, 36992, 173400, 566440, 1367548, 2524704, 151198], [5832, 46818, 235008, 826200, 2159136, 4343976, 244854], [6859, 58482, 312987, 1178304, 3313980, 311923], [8000, 72200, 410400, 1647300, 4961280, 11628000, 606460], [9261, 88200, 530670, 2262330, 7264593, 18232704, 902286], [10648, 106722, 677600, 3057670, 10428264, 27905262, 1313620], [12167, 128018, 855393, 4073300, 14704613, 41792058, 3038898], [13824, 152352, 1068672, 5355504, 20401920, 61375776, 4311576], [15625, 180000, 1322500, 6957500, 27893250, 88550000, 8171775], [17576, 211250, 1622400, 8940100, 37626160, 125705580, 3434626], [19683, 246402, 1974375, 11372400, 50133330, 175829940, 15622200], [21952, 285768, 2384928, 14332500, 66044160, 242620560, 20993392], [24389, 329672, 2861082, 17908254, 86097375, 330613920, 27871726], [27000, 378450, 3410400, 22198050, 111154680, 445331250, 1465776000, 15411960]];
Tempos_tentados =[[7.360000745393336e-05, 6.690000009257346e-05, 2.95999925583601e-05], [9.420000424142927e-05, 0.00012709999282378703, 0.0001297999988310039, 4.579999949783087e-05], [0.00016340000729542226, 0.0003257999924244359, 0.0003100000030826777, 0.00019700000120792538, 2.3600005079060793e-05], [0.0002781000075628981, 0.0006670000002486631, 0.0008115999953588471, 0.0006457999988924712, 2.3100001271814108e-05], [0.0004054000019095838, 0.001396099993144162, 0.0017642000020714477, 0.001800900005036965, 3.0800001695752144e-05], [0.0005047999875387177, 0.0018982000037794933, 0.003526799991959706, 0.004400100006023422, 0.0036111999943386763, 0.00011409999569877982], [0.0009267999994335696, 0.002850000004400499, 0.0064799000101629645, 0.01007499999832362, 0.0006642999942414463], [0.0012510999949881807, 0.006784700002754107, 0.013782800000626594, 0.02300259999174159, 0.0015079000004334375], [0.0013979999930597842, 0.006909000003361143, 0.018857099988963455, 0.04355250000662636, 0.006277799999224953], [0.0020689999946625903, 0.008831700004520826, 0.030889499990735203, 0.06530009998823516, 0.011272800009464845], [0.0028649000014411286, 0.012755800009472296, 0.04374370000732597, 0.10847190000640694, 0.01777980000770185], [0.004250300000421703, 0.018013400011113845, 0.06504259999201167, 0.1764069000055315, 0.35050549999868963, 0.01762520000920631], [0.006375099997967482, 0.02419450000161305, 0.08959100001084153, 0.26340450000134297, 0.567269999999553, 0.03591880000021774], [0.01033340000140015, 0.031768700006068684, 0.12370969999756198, 0.4026983000076143, 0.942426699999487, 1.7214903000131017, 0.10499209999397863], [0.017111599998315796, 0.04447520000394434, 0.17555879999417812, 0.5938435999996727, 1.462529899989022, 2.993567299999995, 0.16726000000198837], [0.032347899992601015, 0.06379630000446923, 0.23086400001193397, 0.8229550999967614, 2.240322199999355, 0.21161909999500494], [0.05886819999432191, 0.1021385000058217, 0.3311005000141449, 1.183579300006386, 3.444692999997642, 8.123618900004658, 0.4337833000026876], [0.11854429999948479, 0.165229599995655, 0.4761900000012247, 1.6799227000010433, 5.128664900010335, 12.697948499990162, 0.6134833000105573], [0.23009840000304393, 0.29209229999105446, 0.6711638999986462, 2.331346699997084, 7.3909364999999525, 19.84784740000032, 0.9279036999942036], [0.4640093999914825, 0.5431810000009136, 1.0067620999907376, 3.2769896000099834, 10.956319199991412, 29.89676150000014, 2.132007300009718], [0.9186649000039324, 0.9875860000029206, 1.6361229000031017, 4.634697300003609, 15.750663099999656, 43.789150299999164, 3.0238609999942128], [1.8304866999969818, 1.968221299990546, 2.6900671999901533, 6.747017400004552, 22.375603199994657, 65.89629009999044, 6.039454400000977], [3.6675324000098044, 3.782639700002619, 4.927079799992498, 10.100271199989947, 30.664352099993266, 93.34645420000015, 2.5489637999999104], [7.45810750000237, 7.526094100001501, 8.782609000001685, 15.400671800001874, 43.27954220000538, 134.7038770000072, 11.319907900004182], [14.841981199992006, 14.974263600000995, 16.57535879999341, 24.913370499998564, 62.82202829999733, 191.86897599999793, 15.234727799994289], [29.734046000012313, 29.644929799993406, 31.74192880000919, 42.529958300001454, 92.15825180000684, 272.6409069000074, 20.612856399995508], [60.45388559999992, 60.274852000002284, 62.4637073000049, 75.97174740000628, 143.5568423000077, 382.54211080000096, 1133.8290723999962, 11.95615889999317]];
N_Configurations =[[16, 18, 8], [25, 40, 30, 10], [36, 75, 80, 45, 1], [49, 126, 175, 140, 1], [64, 196, 336, 350, 1], [81, 288, 588, 756, 630, 4], [100, 405, 960, 1470, 101], [121, 550, 1485, 2640, 192], [144, 726, 2200, 4455, 757], [169, 936, 3146, 7150, 1197], [196, 1183, 4368, 11011, 1807], [225, 1470, 5915, 16380, 33033, 1625], [256, 1800, 7840, 23660, 52416, 3269], [289, 2176, 10200, 33320, 80444, 148512, 8894], [324, 2601, 13056, 45900, 119952, 241332, 13603], [361, 3078, 16473, 62016, 174420, 16417], [400, 3610, 20520, 82365, 248064, 581400, 30323], [441, 4200, 25270, 107730, 345933, 868224, 42966], [484, 4851, 30800, 138985, 474012, 1268421, 59710], [529, 5566, 37191, 177100, 639331, 1817046, 132126], [576, 6348, 44528, 223146, 850080, 2557324, 179649], [625, 7200, 52900, 278300, 1115730, 3542000, 326871], [676, 8125, 62400, 343850, 1447160, 4834830, 132101], [729, 9126, 73125, 421200, 1856790, 6512220, 578600], [784, 10206, 85176, 511875, 2358720, 8665020, 749764], [841, 11368, 98658, 617526, 2968875, 11400480, 961094], [900, 12615, 113680, 739935, 3705156, 14844375, 48859200, 513732]];

%Parâmetros correspondentes ao K que retornou solução
Ks_solution =[0, 0, 5, 5, 5, 6, 5, 5, 5, 5, 5, 6, 6, 7, 7, 6, 7, 7, 7, 7, 7, 7, 7, 7, 7, 7, 8];
Operacoes =[0, 0, 6, 7, 8, 36, 1010, 2112, 9084, 15561, 25298, 24375, 52304, 151198, 244854, 311923, 606460, 902286, 1313620, 3038898, 4311576, 8171775, 3434626, 15622200, 20993392, 27871726, 15411960];
Tempo =[0, 0, 2.3600005079060793e-05, 2.3100001271814108e-05, 3.0800001695752144e-05, 0.00011409999569877982, 0.0006642999942414463, 0.0015079000004334375, 0.006277799999224953, 0.011272800009464845, 0.01777980000770185, 0.01762520000920631, 0.03591880000021774, 0.10499209999397863, 0.16726000000198837, 0.21161909999500494, 0.4337833000026876, 0.6134833000105573, 0.9279036999942036, 2.132007300009718, 3.0238609999942128, 6.039454400000977, 2.5489637999999104, 11.319907900004182, 15.234727799994289, 20.612856399995508, 11.95615889999317];
N_Configurations =[0, 0, 1, 1, 1, 4, 101, 192, 757, 1197, 1807, 1625, 3269, 8894, 13603, 16417, 30323, 42966, 59710, 132126, 179649, 326871, 132101, 578600, 749764, 961094, 513732];
Solutions =[0, 0, {0, 1, 2, 3, 4}, {0, 1, 2, 3, 4}, {0, 1, 2, 3, 4}, {0, 1, 2, 3, 4, 8}, {0, 3, 4, 8, 9}, {0, 4, 7, 8, 9}, {4, 6, 7, 8, 9}, {4, 6, 7, 8, 9}, {4, 6, 7, 8, 9}, {0, 4, 6, 7, 8, 9}, {1, 2, 4, 6, 7, 8}, {1, 2, 4, 6, 7, 8, 14}, {1, 2, 4, 6, 7, 8, 14}, {2, 4, 6, 7, 8, 18}, {1, 2, 5, 6, 7, 8, 14}, {1, 2, 5, 6, 7, 8, 14}, {1, 2, 5, 6, 7, 8, 14}, {2, 3, 5, 6, 8, 18, 21}, {2, 3, 5, 6, 8, 18, 21}, {3, 5, 6, 8, 18, 20, 21}, {0, 5, 8, 18, 20, 21, 25}, {3, 5, 8, 11, 18, 20, 21}, {3, 5, 8, 11, 18, 20, 21}, {3, 5, 8, 11, 18, 20, 21}, {0, 2, 5, 8, 10, 18, 21, 25}];
Check_if_correct =[-1, -1, 1, 1, 1, 1, 1, 1, 1, 1, 1, 1, 1, 1, 1, 1, 1, 1, 1, 1, 1, 1, 1, 1, 1, 1, 1];

%Parâmetros para gráficos
Total_operacoes =[168, 525, 1422, 3437, 7576, 21123, 30360, 54868, 99384, 163774, 259910, 879720, 1427856, 4825195, 7861824, 5182535, 19333640, 29290044, 43499786, 64604447, 92679624, 133090650, 177557692, 255198330, 346683260, 465706418, 2063687790];
Total_configurations =[42, 105, 237, 491, 947, 2347, 3036, 4988, 8282, 12598, 18565, 58648, 89241, 283835, 436768, 272765, 966682, 1394764, 1977263, 2808889, 3861651, 5323626, 6829142, 9451790, 12381545, 16058842, 68789593];
Total_time =[0.00017010000010486692, 0.0003968999953940511, 0.001019800009089522, 0.0024256000033346936, 0.005397400003857911, 0.014055199979338795, 0.0209960000065621, 0.04632909999054391, 0.0769943999912357, 0.11836309998761863, 0.18561610003234819, 0.6318439000169747, 0.9867539000115357, 3.3374192000192124, 5.4543463999871165, 3.6019046000001254, 13.677781700025662, 20.879983300008462, 31.691388899984304, 48.27603009999439, 70.7407455000066, 107.5471402999683, 149.0372931999882, 228.4708095000242, 341.2307061999745, 519.0628780000261, 1931.0483767000114];


%Todos os parâmetros
P =0.25;
Size =[4, 5, 6, 7, 8, 9, 10, 11, 12, 13, 14, 15, 16, 17, 18, 19, 20, 21, 22, 23, 24, 25, 26, 27, 28, 29, 30];
Ks =[[1, 2, 3], [1, 2, 3], [1, 2, 3, 4], [1, 2, 3], [1, 2, 3], [1, 2, 3, 4], [1, 2, 3], [1, 2, 3], [1, 2, 3, 4], [1, 2, 3, 4], [1, 2, 3, 4], [1, 2, 3, 4], [1, 2, 3, 4], [1, 2, 3, 4], [1, 2, 3, 4], [1, 2, 3, 4], [1, 2, 3, 4], [1, 2, 3, 4], [1, 2, 3, 4, 5], [1, 2, 3, 4, 5, 6], [1, 2, 3, 4, 5], [1, 2, 3, 4, 5], [1, 2, 3, 4, 5], [1, 2, 3, 4, 5], [1, 2, 3, 4, 5], [1, 2, 3, 4, 5], [1, 2, 3, 4, 5]];
Operacoes =[[64, 72, 32], [125, 200, 50], [216, 450, 480, 6], [343, 882, 35], [512, 1568, 40], [729, 2592, 5292, 36], [1000, 4050, 750], [1331, 6050, 1023], [1728, 8712, 26400, 3996], [2197, 12168, 40898, 2769], [2744, 16562, 61152, 3766], [3375, 22050, 88725, 4980], [4096, 28800, 125440, 6432], [4913, 36992, 173400, 8143], [5832, 46818, 235008, 10134], [6859, 58482, 312987, 12426], [8000, 72200, 410400, 29600], [9261, 88200, 530670, 57225], [10648, 106722, 677600, 3057670, 103862], [12167, 128018, 855393, 4073300, 14704613, 516764], [13824, 152352, 1068672, 5355504, 886416], [15625, 180000, 1322500, 6957500, 1132775], [17576, 211250, 1622400, 8940100, 1431274], [19683, 246402, 1974375, 11372400, 1789803], [21952, 285768, 2384928, 14332500, 154784], [24389, 329672, 2861082, 17908254, 179974], [27000, 378450, 3410400, 22198050, 208110]];
Tempos_tentados =[[5.609999061562121e-05, 5.94000011915341e-05, 3.8300000596791506e-05], [0.00010740000288933516, 0.00013919999764766544, 4.939999780617654e-05], [0.00015839999832678586, 0.00035820000630337745, 0.0003614000015659258, 2.7599991881288588e-05], [0.00029329999233596027, 0.0005841999955009669, 3.989999822806567e-05], [0.0006607000104850158, 0.0011780000058934093, 4.879999323748052e-05], [0.0005055000074207783, 0.0016856000002007931, 0.004224599993904121, 6.249999569263309e-05], [0.0012384000001475215, 0.00275060000421945, 0.0005307999963406473], [0.0010493000008864328, 0.004182399992714636, 0.0011546000023372471], [0.0017155000095954165, 0.005793200005427934, 0.017101100005675107, 0.0026030999870272353], [0.002277799998410046, 0.008495300004142337, 0.02890089999709744, 0.0022459000028902665], [0.002824399998644367, 0.011596299998927861, 0.04138789999706205, 0.0025279000110458583], [0.004210900006000884, 0.01678859999810811, 0.060742200003005564, 0.003519900012179278], [0.006290699995588511, 0.023087699999450706, 0.08819549999316223, 0.0047122000105446205], [0.010929399999440648, 0.030893000002834015, 0.1233667000051355, 0.005927199992584065], [0.018381900008535013, 0.044219799994607456, 0.17327749999822117, 0.007437700012815185], [0.03179399999498855, 0.06766080000670627, 0.24607590000960045, 0.009254700009478256], [0.06090589999803342, 0.10450410000339616, 0.3445019999926444, 0.02211130000068806], [0.11637269999482669, 0.17039719999593217, 0.47930730000371113, 0.04191660000651609], [0.23181889999250416, 0.2979059000062989, 0.68792840000242, 2.3519625999906566, 0.0772451000084402], [0.4566612000053283, 0.527122600004077, 1.0440407999994932, 3.2711367000010796, 10.855965199996717, 0.38283400000364054], [0.9246681999939028, 1.0159258999919984, 1.6261999999987893, 4.688978100006352, 0.6258371000003535], [1.8396565000002738, 1.9602713999920525, 2.766148399998201, 6.760519200004637, 0.8201998000004096], [3.6811730999907013, 3.812841399994795, 4.817766599997412, 10.05143579999276, 1.049101900003734], [7.42996179999318, 7.548975800003973, 8.801054600000498, 15.67081280000275, 1.3338978000101633], [14.922164900010102, 15.06261340000492, 16.625085799998487, 25.40606329998991, 0.1269499000045471], [29.95298410000396, 30.10214200000337, 32.07696810000925, 42.928510099998675, 0.14794290000281762], [60.3745246000035, 60.70599889999721, 63.07748590000847, 76.5493884000025, 0.17810030000691768]];
N_Configurations =[[16, 18, 8], [25, 40, 10], [36, 75, 80, 1], [49, 126, 5], [64, 196, 5], [81, 288, 588, 4], [100, 405, 75], [121, 550, 93], [144, 726, 2200, 333], [169, 936, 3146, 213], [196, 1183, 4368, 269], [225, 1470, 5915, 332], [256, 1800, 7840, 402], [289, 2176, 10200, 479], [324, 2601, 13056, 563], [361, 3078, 16473, 654], [400, 3610, 20520, 1480], [441, 4200, 25270, 2725], [484, 4851, 30800, 138985, 4721], [529, 5566, 37191, 177100, 639331, 22468], [576, 6348, 44528, 223146, 36934], [625, 7200, 52900, 278300, 45311], [676, 8125, 62400, 343850, 55049], [729, 9126, 73125, 421200, 66289], [784, 10206, 85176, 511875, 5528], [841, 11368, 98658, 617526, 6206], [900, 12615, 113680, 739935, 6937]];

%Parâmetros correspondentes ao K que retornou solução
Ks_solution =[0, 3, 4, 3, 3, 4, 3, 3, 4, 4, 4, 4, 4, 4, 4, 4, 4, 4, 5, 6, 5, 5, 5, 5, 5, 5, 5];
Operacoes =[0, 50, 6, 35, 40, 36, 750, 1023, 3996, 2769, 3766, 4980, 6432, 8143, 10134, 12426, 29600, 57225, 103862, 516764, 886416, 1132775, 1431274, 1789803, 154784, 179974, 208110];
Tempo =[0, 4.939999780617654e-05, 2.7599991881288588e-05, 3.989999822806567e-05, 4.879999323748052e-05, 6.249999569263309e-05, 0.0005307999963406473, 0.0011546000023372471, 0.0026030999870272353, 0.0022459000028902665, 0.0025279000110458583, 0.003519900012179278, 0.0047122000105446205, 0.005927199992584065, 0.007437700012815185, 0.009254700009478256, 0.02211130000068806, 0.04191660000651609, 0.0772451000084402, 0.38283400000364054, 0.6258371000003535, 0.8201998000004096, 1.049101900003734, 1.3338978000101633, 0.1269499000045471, 0.14794290000281762, 0.17810030000691768];
N_Configurations =[0, 10, 1, 5, 5, 4, 75, 93, 333, 213, 269, 332, 402, 479, 563, 654, 1480, 2725, 4721, 22468, 36934, 45311, 55049, 66289, 5528, 6206, 6937];
Solutions =[0, {2, 3, 4}, {0, 1, 2, 3}, {0, 1, 6}, {0, 1, 6}, {0, 1, 2, 6}, {9, 2, 4}, {9, 2, 4}, {9, 2, 11, 4}, {0, 8, 12, 9}, {0, 8, 12, 9}, {0, 8, 12, 9}, {0, 8, 12, 9}, {0, 8, 12, 9}, {0, 8, 12, 9}, {0, 8, 12, 9}, {1, 13, 6, 15}, {9, 2, 12, 13}, {0, 7, 9, 12, 14}, {0, 7, 9, 12, 14, 22}, {7, 9, 12, 14, 23}, {7, 9, 12, 14, 23}, {7, 9, 12, 14, 23}, {7, 9, 12, 14, 23}, {0, 3, 6, 15, 27}, {0, 3, 6, 15, 27}, {0, 3, 6, 15, 27}];
Check_if_correct =[-1, 1, 1, 1, 1, 1, 1, 1, 1, 1, 1, 1, 1, 1, 1, 1, 1, 1, 1, 1, 1, 1, 1, 1, 1, 1, 1];

%Parâmetros para gráficos
Total_operacoes =[168, 375, 1152, 1260, 2120, 8649, 5800, 8404, 40836, 58032, 84224, 119130, 164768, 223448, 297792, 390754, 520200, 685356, 3956502, 20290255, 7476768, 9608400, 12222600, 15402663, 17179932, 21303371, 26222010];
Total_configurations =[42, 75, 192, 180, 265, 961, 580, 764, 3403, 4464, 6016, 7942, 10298, 13144, 16544, 20566, 26010, 32636, 179841, 882185, 311532, 384336, 470100, 570469, 613569, 734599, 874067];
Total_time =[0.00015379999240394682, 0.00029599999834317714, 0.0009055999980773777, 0.0009173999860649928, 0.0018875000096159056, 0.006478199997218326, 0.004519800000707619, 0.006386299995938316, 0.027212900007725693, 0.04191990000254009, 0.058336500005680136, 0.08526160001929384, 0.12228609999874607, 0.17111629999999423, 0.24331690001417883, 0.3547854000207735, 0.5320232999947621, 0.8079938000009861, 3.64686090000032, 16.537760500010336, 8.881609299991396, 14.146795299995574, 23.412318799979403, 40.784702800010564, 72.14287730000797, 135.20854720001807, 260.8854981000186];


%Todos os parâmetros
P =0.5;
Size =[4, 5, 6, 7, 8, 9, 10, 11, 12, 13, 14, 15, 16, 17, 18, 19, 20, 21, 22, 23, 24, 25, 26, 27, 28, 29, 30];
Ks =[[1, 2], [1, 2], [1, 2], [1, 2], [1, 2], [1, 2, 3], [1, 2], [1, 2], [1, 2], [1, 2], [1, 2], [1, 2], [1, 2], [1, 2], [1, 2], [1, 2], [1, 2], [1, 2], [1, 2], [1, 2], [1, 2], [1, 2], [1, 2, 3], [1, 2, 3], [1, 2, 3], [1, 2, 3], [1, 2, 3]];
Operacoes =[[64, 4], [125, 10], [216, 12], [343, 14], [512, 16], [729, 2592, 27], [1000, 350], [1331, 297], [1728, 348], [2197, 403], [2744, 462], [3375, 525], [4096, 592], [4913, 663], [5832, 738], [6859, 817], [8000, 900], [9261, 987], [10648, 1078], [12167, 1173], [13824, 1272], [15625, 1375], [17576, 211250, 728], [19683, 246402, 783], [21952, 285768, 840], [24389, 329672, 899], [27000, 378450, 960]];
Tempos_tentados =[[6.600000779144466e-05, 1.549998705741018e-05], [0.00010389999079052359, 2.2400010493583977e-05], [0.00019109999993816018, 1.990000600926578e-05], [0.00024449999909847975, 1.9700004486367106e-05], [0.0003926999925170094, 2.680000034160912e-05], [0.000526999996509403, 0.0017417000053683296, 4.050000279676169e-05], [0.0008870000019669533, 0.0005695999861927703], [0.0016068999975686893, 0.0004743000026792288], [0.0024160999892046675, 0.0004389000096125528], [0.003235800002585165, 0.0005142999871168286], [0.003018599993083626, 0.00034899999445769936], [0.004492499996558763, 0.0009953999979188666], [0.007845300002372824, 0.0004447999963304028], [0.010081999993417412, 0.0006181999924592674], [0.018235299998195842, 0.0005668000085279346], [0.032799100008560345, 0.0006320999964373186], [0.06447160000971053, 0.0008173999958671629], [0.11854830000083894, 0.0009543000051053241], [0.2305592000047909, 0.0009254000033251941], [0.4721856999967713, 0.0009288000001106411], [0.9359202000050573, 0.0011996999965049326], [1.858068400004413, 0.0012652000004891306], [3.7266928000026383, 3.851599100002204, 0.0009685999975772575], [7.435141599999042, 7.536932300004992, 0.0009167000098386779], [14.837361500001862, 15.026017199998023, 0.0010758999997051433], [29.91834089999611, 30.154653000005055, 0.0011316999880364165], [60.19053389999317, 60.634563600004185, 0.0014482000115094706]];
N_Configurations =[[16, 1], [25, 2], [36, 2], [49, 2], [64, 2], [81, 288, 3], [100, 35], [121, 27], [144, 29], [169, 31], [196, 33], [225, 35], [256, 37], [289, 39], [324, 41], [361, 43], [400, 45], [441, 47], [484, 49], [529, 51], [576, 53], [625, 55], [676, 8125, 28], [729, 9126, 29], [784, 10206, 30], [841, 11368, 31], [900, 12615, 32]];

%Parâmetros correspondentes ao K que retornou solução
Ks_solution =[2, 2, 2, 2, 2, 3, 2, 2, 2, 2, 2, 2, 2, 2, 2, 2, 2, 2, 2, 2, 2, 2, 3, 3, 3, 3, 3];
Operacoes =[4, 10, 12, 14, 16, 27, 350, 297, 348, 403, 462, 525, 592, 663, 738, 817, 900, 987, 1078, 1173, 1272, 1375, 728, 783, 840, 899, 960];
Tempo =[1.549998705741018e-05, 2.2400010493583977e-05, 1.990000600926578e-05, 1.9700004486367106e-05, 2.680000034160912e-05, 4.050000279676169e-05, 0.0005695999861927703, 0.0004743000026792288, 0.0004389000096125528, 0.0005142999871168286, 0.00034899999445769936, 0.0009953999979188666, 0.0004447999963304028, 0.0006181999924592674, 0.0005668000085279346, 0.0006320999964373186, 0.0008173999958671629, 0.0009543000051053241, 0.0009254000033251941, 0.0009288000001106411, 0.0011996999965049326, 0.0012652000004891306, 0.0009685999975772575, 0.0009167000098386779, 0.0010758999997051433, 0.0011316999880364165, 0.0014482000115094706];
N_Configurations =[1, 2, 2, 2, 2, 3, 35, 27, 29, 31, 33, 35, 37, 39, 41, 43, 45, 47, 49, 51, 53, 55, 28, 29, 30, 31, 32];
Solutions =[{0, 1}, {0, 2}, {0, 2}, {0, 2}, {0, 2}, {0, 1, 4}, {9, 4}, {2, 10}, {2, 10}, {2, 10}, {2, 10}, {2, 10}, {2, 10}, {2, 10}, {2, 10}, {2, 10}, {2, 10}, {2, 10}, {2, 10}, {2, 10}, {2, 10}, {2, 10}, {0, 2, 6}, {0, 2, 6}, {0, 2, 6}, {0, 2, 6}, {0, 2, 6}];
Check_if_correct =[1, 1, 1, 1, 1, 1, 1, 1, 1, 1, 1, 1, 1, 1, 1, 1, 1, 1, 1, 1, 1, 1, 1, 1, 1, 1, 1];

%Parâmetros para gráficos
Total_operacoes =[68, 135, 228, 357, 528, 3348, 1350, 1628, 2076, 2600, 3206, 3900, 4688, 5576, 6570, 7676, 8900, 10248, 11726, 13340, 15096, 17000, 229554, 266868, 308560, 354960, 406410];
Total_configurations =[17, 27, 38, 51, 66, 372, 135, 148, 173, 200, 229, 260, 293, 328, 365, 404, 445, 488, 533, 580, 629, 680, 8829, 9884, 11020, 12240, 13547];
Total_time =[8.149999484885484e-05, 0.00012630000128410757, 0.00021100000594742596, 0.00026420000358484685, 0.0004194999928586185, 0.0023092000046744943, 0.0014565999881597236, 0.002081200000247918, 0.0028549999988172203, 0.0037500999897019938, 0.0033675999875413254, 0.00548789999447763, 0.008290099998703226, 0.01070019998587668, 0.018802100006723776, 0.03343120000499766, 0.06528900000557769, 0.11950260000594426, 0.2314846000081161, 0.47311449999688193, 0.9371199000015622, 1.859333600004902, 7.57926050000242, 14.972990600013873, 29.86445459999959, 60.0741255999892, 120.82654570000886];


%Todos os parâmetros
P =0.75;
Size =[4, 5, 6, 7, 8, 9, 10, 11, 12, 13, 14, 15, 16, 17, 18, 19, 20, 21, 22, 23, 24, 25, 26, 27, 28, 29, 30];
Ks =[[1], [1], [1], [1], [1], [1], [1], [1], [1], [1], [1], [1], [1, 2], [1, 2], [1, 2], [1, 2], [1, 2], [1, 2], [1, 2], [1, 2], [1, 2], [1, 2], [1, 2], [1, 2], [1, 2], [1, 2], [1, 2]];
Operacoes =[[12], [15], [18], [21], [24], [27], [30], [33], [36], [39], [42], [45], [4096, 32], [4913, 34], [5832, 36], [6859, 38], [8000, 180], [9261, 189], [10648, 198], [12167, 207], [13824, 216], [15625, 225], [17576, 234], [19683, 243], [21952, 252], [24389, 261], [27000, 270]];
Tempos_tentados =[[2.78999941656366e-05], [2.5999994250014424e-05], [2.6900001103058457e-05], [3.15000070258975e-05], [3.170000854879618e-05], [4.199999966658652e-05], [3.5899996873922646e-05], [3.890000516548753e-05], [3.979999746661633e-05], [4.1799998143687844e-05], [4.9299997044727206e-05], [7.069999992381781e-05], [0.006396199998562224, 5.0300004659220576e-05], [0.011005000007571653, 7.599999662488699e-05], [0.019666799998958595, 8.089999028015882e-05], [0.03435360000003129, 7.929999264888465e-05], [0.06059310000273399, 0.00021329999435693026], [0.11736189998919144, 0.00022400000307243317], [0.22898679999343585, 0.0002471000043442473], [0.4595190999971237, 0.0002607999922474846], [0.9248245999915525, 0.0002722000062931329], [1.8089857999875676, 0.00027940000290982425], [3.6821988000010606, 0.0002921999985119328], [7.34899719999521, 0.0004154999915044755], [14.850267899993923, 0.00025299999106209725], [29.913469600011013, 0.00026390000130049884], [60.22030800000357, 0.0003426000039326027]];
N_Configurations =[[3], [3], [3], [3], [3], [3], [3], [3], [3], [3], [3], [3], [256, 2], [289, 2], [324, 2], [361, 2], [400, 9], [441, 9], [484, 9], [529, 9], [576, 9], [625, 9], [676, 9], [729, 9], [784, 9], [841, 9], [900, 9]];

%Parâmetros correspondentes ao K que retornou solução
Ks_solution =[1, 1, 1, 1, 1, 1, 1, 1, 1, 1, 1, 1, 2, 2, 2, 2, 2, 2, 2, 2, 2, 2, 2, 2, 2, 2, 2];
Operacoes =[12, 15, 18, 21, 24, 27, 30, 33, 36, 39, 42, 45, 32, 34, 36, 38, 180, 189, 198, 207, 216, 225, 234, 243, 252, 261, 270];
Tempo =[2.78999941656366e-05, 2.5999994250014424e-05, 2.6900001103058457e-05, 3.15000070258975e-05, 3.170000854879618e-05, 4.199999966658652e-05, 3.5899996873922646e-05, 3.890000516548753e-05, 3.979999746661633e-05, 4.1799998143687844e-05, 4.9299997044727206e-05, 7.069999992381781e-05, 5.0300004659220576e-05, 7.599999662488699e-05, 8.089999028015882e-05, 7.929999264888465e-05, 0.00021329999435693026, 0.00022400000307243317, 0.0002471000043442473, 0.0002607999922474846, 0.0002722000062931329, 0.00027940000290982425, 0.0002921999985119328, 0.0004154999915044755, 0.00025299999106209725, 0.00026390000130049884, 0.0003426000039326027];
N_Configurations =[3, 3, 3, 3, 3, 3, 3, 3, 3, 3, 3, 3, 2, 2, 2, 2, 9, 9, 9, 9, 9, 9, 9, 9, 9, 9, 9];
Solutions =[{2}, {2}, {2}, {2}, {2}, {2}, {2}, {2}, {2}, {2}, {2}, {2}, {0, 2}, {0, 2}, {0, 2}, {0, 2}, {0, 9}, {0, 9}, {0, 9}, {0, 9}, {0, 9}, {0, 9}, {0, 9}, {0, 9}, {0, 9}, {0, 9}, {0, 9}];
Check_if_correct =[1, 1, 1, 1, 1, 1, 1, 1, 1, 1, 1, 1, 1, 1, 1, 1, 1, 1, 1, 1, 1, 1, 1, 1, 1, 1, 1];

%Parâmetros para gráficos
Total_operacoes =[12, 15, 18, 21, 24, 27, 30, 33, 36, 39, 42, 45, 4128, 4947, 5868, 6897, 8180, 9450, 10846, 12374, 14040, 15850, 17810, 19926, 22204, 24650, 27270];
Total_configurations =[3, 3, 3, 3, 3, 3, 3, 3, 3, 3, 3, 3, 258, 291, 326, 363, 409, 450, 493, 538, 585, 634, 685, 738, 793, 850, 909];
Total_time =[2.78999941656366e-05, 2.5999994250014424e-05, 2.6900001103058457e-05, 3.15000070258975e-05, 3.170000854879618e-05, 4.199999966658652e-05, 3.5899996873922646e-05, 3.890000516548753e-05, 3.979999746661633e-05, 4.1799998143687844e-05, 4.9299997044727206e-05, 7.069999992381781e-05, 0.006446500003221445, 0.01108100000419654, 0.019747699989238754, 0.03443289999268018, 0.06080639999709092, 0.11758589999226388, 0.2292338999977801, 0.4597798999893712, 0.9250967999978457, 1.8092651999904774, 3.6824909999995725, 7.349412699986715, 14.850520899984986, 29.913733500012313, 60.2206506000075];
