_%_%_%_%_%_%_%_%_%_%_%_%_%_%_%_%_%_%_%_%_%_%_%_%_%_%_%_%_%_%_%_%_%_%_%_%_%_%_%_%_%_%_%_%_%
Explicação do cabeçalho
Ks -> Tamanho de conjuntos dominantes analisados correspondente ao valor de Size(i)
Operacoes -> Número de operações correspondente ao par (K, Size)
Tempo -> Tempo de execução correspondente ao par (K, Size) 
Solutions -> Conjunto dominante minimo
Check_if_correct -> Verificar se é realmente um conjunto dominante, 1(V) 0(F) -1(se não foi encontrado nenhum set)
Nota: Na divisão -> Parâmetros correspondentes ao K que retornou solução <- caso exista o valor 0 nas variaveis Ks_solutions, Operacoes, Tempo, N_configurations, Solutions quer dizer que não foi encontra nenhuma solução (0 é o valor default) 
Total Time: 3944.472177505493 (s)
Nº de configurações analisadas para cada valor de K = min(N_combinações, 1000);
_%_%_%_%_%_%_%_%_%_%_%_%_%_%_%_%_%_%_%_%_%_%_%_%_%_%_%_%_%_%_%_%_%_%_%_%_%_%_%_%_%_%_%_%_%


%Todos os parâmetros
P =0.125;
Size =[4, 5, 6, 7, 8, 9, 10, 11, 12, 13, 14, 15, 16, 17, 18, 19, 20, 21, 22, 23, 24, 25, 26, 27, 28, 29, 30];
Ks =[[1, 2, 3], [1, 2, 3, 4], [1, 2, 3, 4, 5], [1, 2, 3, 4, 5], [1, 2, 3, 4, 5], [1, 2, 3, 4, 5, 6], [1, 2, 3, 4, 5], [1, 2, 3, 4, 5], [1, 2, 3, 4, 5, 6], [1, 2, 3, 4, 5, 6], [1, 2, 3, 4, 5, 6], [1, 2, 3, 4, 5, 6], [1, 2, 3, 4, 5, 6, 7], [1, 2, 3, 4, 5, 6, 7, 8], [1, 2, 3, 4, 5, 6, 7, 8], [1, 2, 3, 4, 5, 6, 7], [1, 2, 3, 4, 5, 6, 7, 8], [1, 2, 3, 4, 5, 6, 7, 8], [1, 2, 3, 4, 5, 6, 7, 8], [1, 2, 3, 4, 5, 6, 7, 8], [1, 2, 3, 4, 5, 6, 7, 8], [1, 2, 3, 4, 5, 6, 7, 8], [1, 2, 3, 4, 5, 6, 7], [1, 2, 3, 4, 5, 6, 7, 8], [1, 2, 3, 4, 5, 6, 7, 8], [1, 2, 3, 4, 5, 6, 7, 8], [1, 2, 3, 4, 5, 6, 7, 8]];
Operacoes =[[16, 36, 24], [25, 80, 90, 40], [36, 150, 240, 180, 6], [49, 252, 525, 560, 7], [64, 392, 1008, 1400, 8], [81, 576, 1764, 3024, 3150, 36], [100, 810, 2880, 5880, 1010], [121, 1100, 4455, 10560, 2112], [144, 1452, 6600, 17820, 31680, 480], [169, 1872, 9438, 28600, 57915, 9126], [196, 2366, 13104, 44044, 100100, 15288], [225, 2940, 17745, 65520, 165165, 24375], [256, 3600, 23520, 94640, 262080, 528528, 4256], [289, 4352, 30600, 133280, 402220, 891072, 1497496, 15062], [324, 5202, 39168, 183600, 599760, 1447992, 2673216, 22086], [361, 6156, 49419, 248064, 872100, 2279088, 149131], [400, 7220, 61560, 329460, 1240320, 3488400, 7596960, 63820], [441, 8400, 75810, 430920, 1729665, 5209344, 12209400, 88326], [484, 9702, 92400, 555940, 2370060, 7610526, 19100928, 20526], [529, 11132, 111573, 708400, 3196655, 10902276, 29173683, 25369], [576, 12696, 133584, 892584, 4250400, 15343944, 43609104, 31632], [625, 14400, 158700, 1113200, 5578650, 21252000, 63933100, 830150], [676, 16250, 187200, 1375400, 7235800, 29008980, 3434626], [729, 18252, 219375, 1684800, 9283950, 39073320, 130540410, 6668379], [784, 20412, 255528, 2047500, 11793600, 51990120, 182342160, 8921024], [841, 22736, 295974, 2470104, 14844375, 68402880, 251285580, 11790965], [900, 25230, 341040, 2959740, 18525780, 89066250, 342014400, 15411960]];
Tempos_tentados =[[2.8399997972883284e-05, 4.809998790733516e-05, 2.9000002541579306e-05], [4.08000050811097e-05, 7.899999036453664e-05, 9.270000737160444e-05, 5.09000092279166e-05], [5.60000044060871e-05, 0.00013989998842589557, 0.00015799999528098851, 0.0001689000055193901, 2.260001201648265e-05], [5.800000508315861e-05, 0.00019500000053085387, 0.00032310000096913427, 0.0003299999953014776, 2.6400011847727e-05], [0.0001041999930748716, 0.0005664000054821372, 0.001365000003715977, 0.0016086999967228621, 6.920000305399299e-05], [0.000185500000952743, 0.000629100002697669, 0.001402200010488741, 0.00244320000638254, 0.0018011999927693978, 0.00013010000111535192], [0.00017379999917466193, 0.0006098000012570992, 0.001972300000488758, 0.00428480000118725, 0.0013387999933911487], [0.0002930000046035275, 0.0011897999938810244, 0.0029864999960409477, 0.007336200011195615, 0.0013444000069284812], [0.00044800000614486635, 0.00213350000558421, 0.005275000003166497, 0.011737000007997267, 0.020508600005996414, 0.0004959999932907522], [0.0008603999885963276, 0.002256599997053854, 0.007258700003148988, 0.019464199998765253, 0.037113600003067404, 0.006301499990513548], [0.0016747000045143068, 0.003638399997726083, 0.009362600001622923, 0.02842070000770036, 0.06507319999218453, 0.010754600007203408], [0.003337000001920387, 0.0044138000084785745, 0.013495299994247034, 0.04418240000086371, 0.10891680000349879, 0.016850300002261065], [0.005638800008455291, 0.007862200000090525, 0.0203070999996271, 0.06658869999228045, 0.18537419999483973, 0.33555809999234043, 0.004668499997933395], [0.01006529999722261, 0.012230899999849498, 0.028490400000009686, 0.09518740000203252, 0.27836900000693277, 0.600672200002009, 0.9328634999983478, 0.013893499999539927], [0.019218899993575178, 0.021919099992373958, 0.0435453999962192, 0.13877360000333283, 0.4084556000016164, 0.9620010999933584, 1.6954448000033153, 0.03945709999243263], [0.03878960000292864, 0.04207079998741392, 0.06994159999885596, 0.2004224999982398, 0.6326004000002285, 1.557266099989647, 0.10725499999534804], [0.07895039999857545, 0.0826843000104418, 0.12161980000382755, 0.30057099999976344, 0.9643584000004921, 2.4278030000132276, 5.123665399994934, 0.06197579999570735], [0.16068450000602752, 0.16709040000569075, 0.21172700000170153, 0.4462465999968117, 1.363670099992305, 3.774107400007779, 8.64447939999809, 0.09060609999869484], [0.33703960001002997, 0.3637239000090631, 0.3924618000019109, 0.7263662999903318, 1.9945656999916537, 5.610623400003533, 13.576136700008647, 0.0627832999889506], [0.6888939000054961, 0.6716854999976931, 0.7488092999992659, 1.1687961999996332, 2.885702300001867, 8.048203500002273, 20.454685599994264, 0.08976240000629332], [1.3493077999883099, 1.3863669999991544, 1.471099200003664, 1.968153000008897, 4.306041999996523, 11.849162099999376, 31.44822619999468, 0.12676959999953397], [2.844033600005787, 2.7723170000099344, 2.9222121000057086, 3.5214335000055144, 6.692264700002852, 17.49025000000256, 47.02154679999512, 0.7070995999965817], [5.646241700000246, 5.599793100001989, 5.766914000007091, 6.573444599998766, 10.625955899988185, 25.65681260000565, 2.457446100001107], [11.490959400005522, 11.556515200005379, 11.732839699994656, 12.661701700009871, 18.109965600000578, 39.020514599993476, 104.48840020000353, 4.874161400002777], [23.58274739999615, 23.58098549999704, 23.842780899998615, 24.946331800005282, 32.20812539999315, 61.0212937000033, 157.4183461000066, 6.778607200001716], [48.67462730000261, 49.41377509999438, 49.329783599998336, 51.03734359999362, 61.15259630000219, 102.9443578000064, 239.23576999999932, 9.308427199997823], [99.987658500002, 101.32038639999519, 100.04220989999885, 102.8432507999969, 114.3158090999932, 166.52366529998835, 355.9089043999993, 11.920965999990585]];
N_Configurations =[[4, 9, 6], [5, 16, 18, 8], [6, 25, 40, 30, 1], [7, 36, 75, 80, 1], [8, 49, 126, 175, 1], [9, 64, 196, 336, 350, 4], [10, 81, 288, 588, 101], [11, 100, 405, 960, 192], [12, 121, 550, 1485, 2640, 40], [13, 144, 726, 2200, 4455, 702], [14, 169, 936, 3146, 7150, 1092], [15, 196, 1183, 4368, 11011, 1625], [16, 225, 1470, 5915, 16380, 33033, 266], [17, 256, 1800, 7840, 23660, 52416, 88088, 886], [18, 289, 2176, 10200, 33320, 80444, 148512, 1227], [19, 324, 2601, 13056, 45900, 119952, 7849], [20, 361, 3078, 16473, 62016, 174420, 379848, 3191], [21, 400, 3610, 20520, 82365, 248064, 581400, 4206], [22, 441, 4200, 25270, 107730, 345933, 868224, 933], [23, 484, 4851, 30800, 138985, 474012, 1268421, 1103], [24, 529, 5566, 37191, 177100, 639331, 1817046, 1318], [25, 576, 6348, 44528, 223146, 850080, 2557324, 33206], [26, 625, 7200, 52900, 278300, 1115730, 132101], [27, 676, 8125, 62400, 343850, 1447160, 4834830, 246977], [28, 729, 9126, 73125, 421200, 1856790, 6512220, 318608], [29, 784, 10206, 85176, 511875, 2358720, 8665020, 406585], [30, 841, 11368, 98658, 617526, 2968875, 11400480, 513732]];

%Parâmetros correspondentes ao K que retornou solução
Ks_solution =[0, 0, 5, 5, 5, 6, 5, 5, 6, 6, 6, 6, 7, 8, 8, 7, 8, 8, 8, 8, 8, 8, 7, 8, 8, 8, 8];
Operacoes =[0, 0, 6, 7, 8, 36, 1010, 2112, 480, 9126, 15288, 24375, 4256, 15062, 22086, 149131, 63820, 88326, 20526, 25369, 31632, 830150, 3434626, 6668379, 8921024, 11790965, 15411960];
Tempo =[0, 0, 2.260001201648265e-05, 2.6400011847727e-05, 6.920000305399299e-05, 0.00013010000111535192, 0.0013387999933911487, 0.0013444000069284812, 0.0004959999932907522, 0.006301499990513548, 0.010754600007203408, 0.016850300002261065, 0.004668499997933395, 0.013893499999539927, 0.03945709999243263, 0.10725499999534804, 0.06197579999570735, 0.09060609999869484, 0.0627832999889506, 0.08976240000629332, 0.12676959999953397, 0.7070995999965817, 2.457446100001107, 4.874161400002777, 6.778607200001716, 9.308427199997823, 11.920965999990585];
N_Configurations =[0, 0, 1, 1, 1, 4, 101, 192, 40, 702, 1092, 1625, 266, 886, 1227, 7849, 3191, 4206, 933, 1103, 1318, 33206, 132101, 246977, 318608, 406585, 513732];
Solutions =[0, 0, {0, 1, 2, 3, 4}, {0, 1, 2, 3, 4}, {0, 1, 2, 3, 4}, {0, 1, 2, 3, 4, 8}, {0, 3, 4, 8, 9}, {0, 4, 7, 8, 9}, {0, 1, 2, 4, 7, 8}, {0, 4, 6, 7, 8, 9}, {0, 4, 6, 7, 8, 9}, {0, 4, 6, 7, 8, 9}, {0, 1, 2, 4, 6, 7, 8}, {0, 1, 2, 4, 6, 7, 8, 14}, {0, 1, 2, 4, 6, 7, 8, 14}, {0, 2, 4, 6, 7, 8, 18}, {0, 1, 2, 5, 6, 7, 8, 14}, {0, 1, 2, 5, 6, 7, 8, 14}, {0, 1, 2, 3, 5, 8, 14, 21}, {0, 1, 2, 3, 5, 8, 14, 21}, {0, 1, 2, 3, 5, 8, 18, 21}, {0, 1, 3, 5, 8, 18, 20, 21}, {0, 5, 8, 18, 20, 21, 25}, {0, 2, 5, 8, 10, 18, 21, 25}, {0, 2, 5, 8, 10, 18, 21, 25}, {0, 2, 5, 8, 10, 18, 21, 25}, {0, 2, 5, 8, 10, 18, 21, 25}];
Check_if_correct =[-1, -1, 1, 1, 1, 1, 1, 1, 1, 1, 1, 1, 1, 1, 1, 1, 1, 1, 1, 1, 1, 1, 1, 1, 1, 1, 1];

%Parâmetros para gráficos
Total_operacoes =[76, 235, 612, 1393, 2872, 8631, 10680, 18348, 58176, 107120, 175098, 275970, 916880, 2974371, 4971348, 3604319, 12788140, 19752306, 29760566, 44129617, 64274520, 92880825, 41258932, 187489215, 257371128, 349113455, 468345300];
Total_configurations =[19, 47, 102, 199, 359, 959, 1068, 1668, 4848, 8240, 12507, 18398, 57305, 174963, 276186, 189701, 639407, 940586, 1352753, 1918679, 2678105, 3715233, 1586882, 6944045, 9191826, 12038395, 15611510];
Total_time =[0.00010549998842179775, 0.0002634000120451674, 0.0005454000056488439, 0.0009325000137323514, 0.003713500002049841, 0.006591300014406443, 0.008379499995498918, 0.013149900012649596, 0.040598100022180006, 0.07325499998114537, 0.11892420001095161, 0.19119560001126956, 0.6259975999855669, 1.9717722000059439, 3.328815599976224, 2.648345999972662, 9.16162810001697, 14.8586115000071, 23.06370070000412, 34.756538700006786, 53.90512689999014, 83.97115730002406, 62.326608000003034, 213.93505780001578, 353.37921800000186, 611.0966808999947, 1052.8628503999644];


%Todos os parâmetros
P =0.25;
Size =[4, 5, 6, 7, 8, 9, 10, 11, 12, 13, 14, 15, 16, 17, 18, 19, 20, 21, 22, 23, 24, 25, 26, 27, 28, 29, 30];
Ks =[[1, 2, 3], [1, 2, 3, 4], [1, 2, 3, 4], [1, 2, 3], [1, 2, 3], [1, 2, 3, 4], [1, 2, 3, 4], [1, 2, 3, 4], [1, 2, 3, 4, 5], [1, 2, 3, 4], [1, 2, 3, 4], [1, 2, 3, 4], [1, 2, 3, 4], [1, 2, 3, 4], [1, 2, 3, 4], [1, 2, 3, 4], [1, 2, 3, 4, 5], [1, 2, 3, 4, 5], [1, 2, 3, 4, 5], [1, 2, 3, 4, 5, 6], [1, 2, 3, 4, 5, 6], [1, 2, 3, 4, 5, 6], [1, 2, 3, 4, 5, 6], [1, 2, 3, 4, 5, 6], [1, 2, 3, 4, 5], [1, 2, 3, 4, 5], [1, 2, 3, 4, 5]];
Operacoes =[[16, 36, 24], [25, 80, 90, 5], [36, 150, 240, 6], [49, 252, 35], [64, 392, 40], [81, 576, 1764, 36], [100, 810, 2880, 120], [121, 1100, 4455, 143], [144, 1452, 6600, 17820, 732], [169, 1872, 9438, 2769], [196, 2366, 13104, 3766], [225, 2940, 17745, 4980], [256, 3600, 23520, 6432], [289, 4352, 30600, 8143], [324, 5202, 39168, 10134], [361, 6156, 49419, 12426], [400, 7220, 61560, 329460, 9960], [441, 8400, 75810, 430920, 12012], [484, 9702, 92400, 555940, 103862], [529, 11132, 111573, 708400, 3196655, 516764], [576, 12696, 133584, 892584, 4250400, 673872], [625, 14400, 158700, 1113200, 5578650, 867100], [676, 16250, 187200, 1375400, 7235800, 1102348], [729, 18252, 219375, 1684800, 9283950, 1386126], [784, 20412, 255528, 2047500, 154784], [841, 22736, 295974, 2470104, 179974], [900, 25230, 341040, 2959740, 208110]];
Tempos_tentados =[[3.189999551977962e-05, 4.329999501351267e-05, 3.359999391250312e-05], [4.4899992644786835e-05, 9.810000483412296e-05, 9.630000567995012e-05, 1.720000000204891e-05], [4.470000567380339e-05, 0.00011619999713730067, 0.0001660999987507239, 1.579998934175819e-05], [6.569999095518142e-05, 0.00021670000569429249, 4.339999577496201e-05], [7.249999907799065e-05, 0.0002818999928422272, 4.710000939667225e-05], [0.00010560000373516232, 0.0005075999943073839, 0.00195720000192523, 9.649999265093356e-05], [0.0001951000012923032, 0.0010005999938584864, 0.0023280999885173514, 0.0002927999885287136], [0.00024530000519007444, 0.000855500009492971, 0.0035173000069335103, 0.000178700007381849], [0.00045349998981691897, 0.002594300007331185, 0.004460099997231737, 0.011788400006480515, 0.0005745999951614067], [0.0009714000043459237, 0.002043300002696924, 0.008676099998410791, 0.0018899999995483086], [0.0013050999987171963, 0.002873300007195212, 0.010178199998335913, 0.002880700005334802], [0.0023569000040879473, 0.004064300010213628, 0.013868200010620058, 0.0037447999930009246], [0.004976399999577552, 0.007149199998821132, 0.02050849999068305, 0.00445080001372844], [0.010135300006368198, 0.015163000003667548, 0.03047859999060165, 0.005824100007885136], [0.020167900001979433, 0.0227428000071086, 0.04749630000151228, 0.007421400005114265], [0.04045620000397321, 0.043834700001752935, 0.07422330000554211, 0.009718999994220212], [0.08148259999870788, 0.08386299999256153, 0.1264422999956878, 0.330967599991709, 0.009128000005148351], [0.17026639998948667, 0.17095050000352785, 0.2137151999922935, 0.48321360000409186, 0.010919899999862537], [0.3336332999897422, 0.3318213000020478, 0.3979455000080634, 0.7221048000064911, 0.07716020000225399], [0.668033000009018, 0.6799630999885267, 0.7471710999961942, 1.1876802999904612, 2.9949321000021882, 0.379470499989111], [1.383188699997845, 1.3838051000057021, 1.4607593999971868, 2.003450200005318, 4.432692300004419, 0.5264267000020482], [2.8083630000037374, 2.8289647000055993, 2.938812299995334, 3.608574999991106, 6.906869899990852, 0.6444393999991007], [5.7317402999906335, 5.734106999996584, 5.84319119999418, 6.849462200014386, 11.135558599999058, 0.8287496999982977], [11.711141199994017, 11.657377900002757, 12.077373000007356, 12.920118400012143, 18.71790649999457, 1.0663638000114588], [23.890394200003357, 23.956542500003707, 24.103281000003335, 25.441651000001002, 0.12238480000814889], [48.66744330000074, 48.74368780000077, 49.04115000000456, 50.624022099989816, 0.14979270000185352], [99.38625229999889, 99.72883880000154, 99.45719250000548, 101.2968353000033, 0.1704472999990685]];
N_Configurations =[[4, 9, 6], [5, 16, 18, 1], [6, 25, 40, 1], [7, 36, 5], [8, 49, 5], [9, 64, 196, 4], [10, 81, 288, 12], [11, 100, 405, 13], [12, 121, 550, 1485, 61], [13, 144, 726, 213], [14, 169, 936, 269], [15, 196, 1183, 332], [16, 225, 1470, 402], [17, 256, 1800, 479], [18, 289, 2176, 563], [19, 324, 2601, 654], [20, 361, 3078, 16473, 498], [21, 400, 3610, 20520, 572], [22, 441, 4200, 25270, 4721], [23, 484, 4851, 30800, 138985, 22468], [24, 529, 5566, 37191, 177100, 28078], [25, 576, 6348, 44528, 223146, 34684], [26, 625, 7200, 52900, 278300, 42398], [27, 676, 8125, 62400, 343850, 51338], [28, 729, 9126, 73125, 5528], [29, 784, 10206, 85176, 6206], [30, 841, 11368, 98658, 6937]];

%Parâmetros correspondentes ao K que retornou solução
Ks_solution =[0, 4, 4, 3, 3, 4, 4, 4, 5, 4, 4, 4, 4, 4, 4, 4, 5, 5, 5, 6, 6, 6, 6, 6, 5, 5, 5];
Operacoes =[0, 5, 6, 35, 40, 36, 120, 143, 732, 2769, 3766, 4980, 6432, 8143, 10134, 12426, 9960, 12012, 103862, 516764, 673872, 867100, 1102348, 1386126, 154784, 179974, 208110];
Tempo =[0, 1.720000000204891e-05, 1.579998934175819e-05, 4.339999577496201e-05, 4.710000939667225e-05, 9.649999265093356e-05, 0.0002927999885287136, 0.000178700007381849, 0.0005745999951614067, 0.0018899999995483086, 0.002880700005334802, 0.0037447999930009246, 0.00445080001372844, 0.005824100007885136, 0.007421400005114265, 0.009718999994220212, 0.009128000005148351, 0.010919899999862537, 0.07716020000225399, 0.379470499989111, 0.5264267000020482, 0.6444393999991007, 0.8287496999982977, 1.0663638000114588, 0.12238480000814889, 0.14979270000185352, 0.1704472999990685];
N_Configurations =[0, 1, 1, 5, 5, 4, 12, 13, 61, 213, 269, 332, 402, 479, 563, 654, 498, 572, 4721, 22468, 28078, 34684, 42398, 51338, 5528, 6206, 6937];
Solutions =[0, {0, 1, 2, 3}, {0, 1, 2, 3}, {0, 1, 6}, {0, 1, 6}, {0, 1, 2, 6}, {0, 1, 3, 8}, {0, 1, 3, 8}, {0, 1, 3, 8, 11}, {0, 8, 12, 9}, {0, 8, 12, 9}, {0, 8, 12, 9}, {0, 8, 12, 9}, {0, 8, 12, 9}, {0, 8, 12, 9}, {0, 8, 12, 9}, {0, 1, 6, 11, 15}, {0, 1, 6, 12, 15}, {0, 7, 9, 12, 14}, {0, 7, 9, 12, 14, 22}, {0, 7, 9, 12, 14, 22}, {0, 7, 9, 12, 14, 22}, {0, 7, 9, 12, 14, 22}, {0, 7, 9, 12, 14, 22}, {0, 3, 6, 15, 27}, {0, 3, 6, 15, 27}, {0, 3, 6, 15, 27}];
Check_if_correct =[-1, 1, 1, 1, 1, 1, 1, 1, 1, 1, 1, 1, 1, 1, 1, 1, 1, 1, 1, 1, 1, 1, 1, 1, 1, 1, 1];

%Parâmetros para gráficos
Total_operacoes =[76, 200, 432, 336, 496, 2457, 3910, 5819, 26748, 14248, 19432, 25890, 33808, 43384, 54828, 68362, 408600, 527583, 762388, 4545053, 5963712, 7732675, 9917674, 12593232, 2479008, 2969629, 3535020];
Total_configurations =[19, 40, 72, 48, 62, 273, 391, 529, 2229, 1096, 1388, 1726, 2113, 2552, 3046, 3598, 20430, 25123, 34654, 197611, 248488, 309307, 381449, 466416, 88536, 102401, 117834];
Total_time =[0.00010879998444579542, 0.0002565000031609088, 0.00034279999090358615, 0.0003257999924244359, 0.0004015000013168901, 0.00266689999261871, 0.0038165999721968547, 0.004796800028998405, 0.019870899996021762, 0.013580800005001947, 0.017237300009583123, 0.024034200017922558, 0.03708490000281017, 0.06160100000852253, 0.09782840001571458, 0.16823320000548847, 0.6318834999838145, 1.0490655999892624, 1.8626651000085985, 6.657250099975499, 11.19032240001252, 19.73602429998573, 36.12280899999314, 68.1502808000223, 97.51425350001955, 197.22609589999774, 400.03956620000827];


%Todos os parâmetros
P =0.5;
Size =[4, 5, 6, 7, 8, 9, 10, 11, 12, 13, 14, 15, 16, 17, 18, 19, 20, 21, 22, 23, 24, 25, 26, 27, 28, 29, 30];
Ks =[[1, 2], [1, 2], [1, 2], [1, 2], [1, 2], [1, 2, 3], [1, 2, 3], [1, 2, 3], [1, 2, 3], [1, 2, 3], [1, 2, 3], [1, 2, 3], [1, 2, 3], [1, 2, 3], [1, 2, 3], [1, 2, 3], [1, 2, 3], [1, 2, 3], [1, 2, 3], [1, 2, 3], [1, 2, 3], [1, 2, 3], [1, 2, 3], [1, 2, 3], [1, 2, 3], [1, 2, 3], [1, 2, 3]];
Operacoes =[[16, 4], [25, 10], [36, 12], [49, 14], [64, 16], [81, 576, 27], [100, 810, 30], [121, 1100, 33], [144, 1452, 36], [169, 1872, 39], [196, 2366, 42], [225, 2940, 45], [256, 3600, 256], [289, 4352, 289], [324, 5202, 360], [361, 6156, 399], [400, 7220, 440], [441, 8400, 483], [484, 9702, 528], [529, 11132, 575], [576, 12696, 624], [625, 14400, 675], [676, 16250, 728], [729, 18252, 783], [784, 20412, 840], [841, 22736, 899], [900, 25230, 960]];
Tempos_tentados =[[3.460000152699649e-05, 1.2999997125007212e-05], [3.650000144261867e-05, 2.3200002033263445e-05], [4.630000330507755e-05, 2.580000727903098e-05], [6.960000609979033e-05, 2.61999957729131e-05], [9.40000027185306e-05, 2.710000262595713e-05], [0.00013349999790079892, 0.0004417000018293038, 4.270000499673188e-05], [0.0002488000027369708, 0.0007100999937392771, 4.569999873638153e-05], [0.00043739999819081277, 0.0013790999946650118, 7.399999594781548e-05], [0.000673100003041327, 0.0016102999943541363, 7.199999527074397e-05], [0.0009078000002773479, 0.0021994999988237396, 6.709998706355691e-05], [0.0019210000027669594, 0.004716199997346848, 0.00012680000509135425], [0.003961700000218116, 0.004614199991920032, 9.48999950196594e-05], [0.004998900010832585, 0.007918599992990494, 0.0003558999887900427], [0.009939099996699952, 0.012377399994875304, 0.00037760000850539654], [0.020343400014098734, 0.024283599996124394, 0.0005878999945707619], [0.04102009999041911, 0.043274099996779114, 0.0004717999981949106], [0.07885970000643283, 0.0842529000074137, 0.0004290999931981787], [0.15998209999816027, 0.16696290000982117, 0.0004645000008167699], [0.33007069998711813, 0.3353688999923179, 0.0006634000019403175], [0.658062600006815, 0.668446399999084, 0.0006866000039735809], [1.343791399995098, 1.3620864000113215, 0.0006513999978778884], [2.779285600001458, 2.774179300002288, 0.000840199994854629], [5.604302899999311, 5.631837399996584, 0.0007302000012714416], [11.584131099996739, 11.562815600002068, 0.0007679000118514523], [23.706461300011142, 23.64666159999615, 0.0009359000105177984], [48.23871030000737, 48.23550880000403, 0.0011030000023311004], [99.54393270000583, 97.99236609999207, 0.0010187000007135794]];
N_Configurations =[[4, 1], [5, 2], [6, 2], [7, 2], [8, 2], [9, 64, 3], [10, 81, 3], [11, 100, 3], [12, 121, 3], [13, 144, 3], [14, 169, 3], [15, 196, 3], [16, 225, 16], [17, 256, 17], [18, 289, 20], [19, 324, 21], [20, 361, 22], [21, 400, 23], [22, 441, 24], [23, 484, 25], [24, 529, 26], [25, 576, 27], [26, 625, 28], [27, 676, 29], [28, 729, 30], [29, 784, 31], [30, 841, 32]];

%Parâmetros correspondentes ao K que retornou solução
Ks_solution =[2, 2, 2, 2, 2, 3, 3, 3, 3, 3, 3, 3, 3, 3, 3, 3, 3, 3, 3, 3, 3, 3, 3, 3, 3, 3, 3];
Operacoes =[4, 10, 12, 14, 16, 27, 30, 33, 36, 39, 42, 45, 256, 289, 360, 399, 440, 483, 528, 575, 624, 675, 728, 783, 840, 899, 960];
Tempo =[1.2999997125007212e-05, 2.3200002033263445e-05, 2.580000727903098e-05, 2.61999957729131e-05, 2.710000262595713e-05, 4.270000499673188e-05, 4.569999873638153e-05, 7.399999594781548e-05, 7.199999527074397e-05, 6.709998706355691e-05, 0.00012680000509135425, 9.48999950196594e-05, 0.0003558999887900427, 0.00037760000850539654, 0.0005878999945707619, 0.0004717999981949106, 0.0004290999931981787, 0.0004645000008167699, 0.0006634000019403175, 0.0006866000039735809, 0.0006513999978778884, 0.000840199994854629, 0.0007302000012714416, 0.0007679000118514523, 0.0009359000105177984, 0.0011030000023311004, 0.0010187000007135794];
N_Configurations =[1, 2, 2, 2, 2, 3, 3, 3, 3, 3, 3, 3, 16, 17, 20, 21, 22, 23, 24, 25, 26, 27, 28, 29, 30, 31, 32];
Solutions =[{0, 1}, {0, 2}, {0, 2}, {0, 2}, {0, 2}, {0, 1, 4}, {0, 1, 4}, {0, 1, 4}, {0, 1, 4}, {0, 1, 4}, {0, 1, 4}, {0, 1, 4}, {0, 2, 4}, {0, 2, 4}, {0, 2, 6}, {0, 2, 6}, {0, 2, 6}, {0, 2, 6}, {0, 2, 6}, {0, 2, 6}, {0, 2, 6}, {0, 2, 6}, {0, 2, 6}, {0, 2, 6}, {0, 2, 6}, {0, 2, 6}, {0, 2, 6}];
Check_if_correct =[1, 1, 1, 1, 1, 1, 1, 1, 1, 1, 1, 1, 1, 1, 1, 1, 1, 1, 1, 1, 1, 1, 1, 1, 1, 1, 1];

%Parâmetros para gráficos
Total_operacoes =[20, 35, 48, 63, 80, 684, 940, 1254, 1632, 2080, 2604, 3210, 4112, 4930, 5886, 6916, 8060, 9324, 10714, 12236, 13896, 15700, 17654, 19764, 22036, 24476, 27090];
Total_configurations =[5, 7, 8, 9, 10, 76, 94, 114, 136, 160, 186, 214, 257, 290, 327, 364, 403, 444, 487, 532, 579, 628, 679, 732, 787, 844, 903];
Total_time =[4.7599998652003706e-05, 5.970000347588211e-05, 7.210001058410853e-05, 9.580000187270343e-05, 0.00012110000534448773, 0.0006179000047268346, 0.0010045999952126294, 0.00189049998880364, 0.0023553999926662073, 0.0031743999861646444, 0.006764000005205162, 0.008670799987157807, 0.013273399992613122, 0.022694100000080653, 0.04521490000479389, 0.08476599998539314, 0.1635417000070447, 0.3274095000087982, 0.6661029999813763, 1.3271956000098726, 2.7065292000042973, 5.554305099998601, 11.236870499997167, 23.14771460001066, 47.35405880001781, 96.47532210001373, 197.5373174999986];


%Todos os parâmetros
P =0.75;
Size =[4, 5, 6, 7, 8, 9, 10, 11, 12, 13, 14, 15, 16, 17, 18, 19, 20, 21, 22, 23, 24, 25, 26, 27, 28, 29, 30];
Ks =[[1, 2], [1, 2], [1, 2], [1, 2], [1, 2], [1, 2], [1, 2], [1, 2], [1, 2], [1, 2], [1, 2], [1, 2], [1, 2], [1, 2], [1, 2], [1, 2], [1, 2], [1, 2], [1, 2], [1, 2], [1, 2], [1, 2], [1, 2], [1, 2], [1, 2], [1, 2], [1, 2]];
Operacoes =[[16, 4], [25, 5], [36, 6], [49, 7], [64, 8], [81, 9], [100, 10], [121, 11], [144, 12], [169, 26], [196, 28], [225, 30], [256, 32], [289, 34], [324, 36], [361, 38], [400, 180], [441, 189], [484, 198], [529, 207], [576, 216], [625, 225], [676, 234], [729, 243], [784, 252], [841, 261], [900, 270]];
Tempos_tentados =[[3.160000778734684e-05, 1.5099998563528061e-05], [3.6600002204068005e-05, 1.4300007023848593e-05], [5.120001151226461e-05, 3.2100011594593525e-05], [0.00010649999603629112, 2.2299995180219412e-05], [0.00010930000280495733, 1.6700010746717453e-05], [0.00010970000585075468, 1.819999306462705e-05], [0.00015999999595806003, 1.920000067912042e-05], [0.0002297000028192997, 4.060000355821103e-05], [0.00045140000293031335, 3.1199990189634264e-05], [0.0009768000018084422, 8.620000153314322e-05], [0.0019490999984554946, 5.500001134350896e-05], [0.0032079000084195286, 6.1000013374723494e-05], [0.006089099988457747, 5.970000347588211e-05], [0.009577399992849678, 5.4899996030144393e-05], [0.020184399996651337, 6.920000305399299e-05], [0.04278770000382792, 0.00014210000517778099], [0.09477049999986775, 0.00021919999562669545], [0.18575109999801498, 0.00023210000654216856], [0.3347763999918243, 0.0002199000009568408], [0.6928092000016477, 0.0002266000083182007], [1.4129652999981772, 0.0002469000028213486], [2.797325199993793, 0.00020599999697878957], [5.7125481999974, 0.000287600007141009], [11.696197900004336, 0.0003529999958118424], [23.84479139999894, 0.00028300000121816993], [48.734289400003036, 0.0003083000046899542], [98.95035140000982, 0.00035230000503361225]];
N_Configurations =[[4, 1], [5, 1], [6, 1], [7, 1], [8, 1], [9, 1], [10, 1], [11, 1], [12, 1], [13, 2], [14, 2], [15, 2], [16, 2], [17, 2], [18, 2], [19, 2], [20, 9], [21, 9], [22, 9], [23, 9], [24, 9], [25, 9], [26, 9], [27, 9], [28, 9], [29, 9], [30, 9]];

%Parâmetros correspondentes ao K que retornou solução
Ks_solution =[2, 2, 2, 2, 2, 2, 2, 2, 2, 2, 2, 2, 2, 2, 2, 2, 2, 2, 2, 2, 2, 2, 2, 2, 2, 2, 2];
Operacoes =[4, 5, 6, 7, 8, 9, 10, 11, 12, 26, 28, 30, 32, 34, 36, 38, 180, 189, 198, 207, 216, 225, 234, 243, 252, 261, 270];
Tempo =[1.5099998563528061e-05, 1.4300007023848593e-05, 3.2100011594593525e-05, 2.2299995180219412e-05, 1.6700010746717453e-05, 1.819999306462705e-05, 1.920000067912042e-05, 4.060000355821103e-05, 3.1199990189634264e-05, 8.620000153314322e-05, 5.500001134350896e-05, 6.1000013374723494e-05, 5.970000347588211e-05, 5.4899996030144393e-05, 6.920000305399299e-05, 0.00014210000517778099, 0.00021919999562669545, 0.00023210000654216856, 0.0002199000009568408, 0.0002266000083182007, 0.0002469000028213486, 0.00020599999697878957, 0.000287600007141009, 0.0003529999958118424, 0.00028300000121816993, 0.0003083000046899542, 0.00035230000503361225];
N_Configurations =[1, 1, 1, 1, 1, 1, 1, 1, 1, 2, 2, 2, 2, 2, 2, 2, 9, 9, 9, 9, 9, 9, 9, 9, 9, 9, 9];
Solutions =[{0, 1}, {0, 1}, {0, 1}, {0, 1}, {0, 1}, {0, 1}, {0, 1}, {0, 1}, {0, 1}, {0, 2}, {0, 2}, {0, 2}, {0, 2}, {0, 2}, {0, 2}, {0, 2}, {0, 9}, {0, 9}, {0, 9}, {0, 9}, {0, 9}, {0, 9}, {0, 9}, {0, 9}, {0, 9}, {0, 9}, {0, 9}];
Check_if_correct =[1, 1, 1, 1, 1, 1, 1, 1, 1, 1, 1, 1, 1, 1, 1, 1, 1, 1, 1, 1, 1, 1, 1, 1, 1, 1, 1];

%Parâmetros para gráficos
Total_operacoes =[20, 30, 42, 56, 72, 90, 110, 132, 156, 195, 224, 255, 288, 323, 360, 399, 580, 630, 682, 736, 792, 850, 910, 972, 1036, 1102, 1170];
Total_configurations =[5, 6, 7, 8, 9, 10, 11, 12, 13, 15, 16, 17, 18, 19, 20, 21, 29, 30, 31, 32, 33, 34, 35, 36, 37, 38, 39];
Total_time =[4.67000063508749e-05, 5.09000092279166e-05, 8.330002310685813e-05, 0.00012879999121651053, 0.00012600001355167478, 0.00012789999891538173, 0.00017919999663718045, 0.0002703000063775107, 0.0004825999931199476, 0.0010630000033415854, 0.0020041000097990036, 0.003268900021794252, 0.006148799991933629, 0.009632299988879822, 0.02025359999970533, 0.0429298000090057, 0.09498969999549445, 0.18598320000455715, 0.33499629999278113, 0.6930358000099659, 1.4132122000009986, 2.7975311999907717, 5.712835800004541, 11.696550900000148, 23.845074400000158, 48.734597700007726, 98.95070370001486];
