_%_%_%_%_%_%_%_%_%_%_%_%_%_%_%_%_%_%_%_%_%_%_%_%_%_%_%_%_%_%_%_%_%_%_%_%_%_%_%_%_%_%_%_%_%
Explicação do cabeçalho
Ks -> Tamanho de conjuntos dominantes analisados correspondente ao valor de Size(i)
Operacoes -> Número de operações correspondente ao par (K, Size)
Tempo -> Tempo de execução correspondente ao par (K, Size) 
Solutions -> Conjunto dominante minimo
Check_if_correct -> Verificar se é realmente um conjunto dominante, 1(V) 0(F) -1(se não foi encontrado nenhum set)
Nota: Na divisão -> Parâmetros correspondentes ao K que retornou solução <- caso exista o valor 0 nas variaveis Ks_solutions, Operacoes, Tempo, N_configurations, Solutions quer dizer que não foi encontra nenhuma solução (0 é o valor default) 
Nº de configurações analisadas para cada valor de K = min(N_combinações, 1000);
_%_%_%_%_%_%_%_%_%_%_%_%_%_%_%_%_%_%_%_%_%_%_%_%_%_%_%_%_%_%_%_%_%_%_%_%_%_%_%_%_%_%_%_%_%


%Todos os parâmetros
Size =250;
Ks =[1, 2, 3, 4, 5, 6, 7, 8, 9, 10, 11, 12, 13, 14, 15, 16, 17, 18, 19, 20, 21, 22, 23, 24, 25, 26, 27, 28, 29, 30, 31, 32, 33, 34, 35, 36, 37, 38, 39, 40, 41, 42, 43, 44, 45, 46, 47, 48, 49, 50, 51, 52, 53, 54, 55, 56, 57, 58, 59, 60, 61, 62, 63, 64, 65, 66, 67, 68, 69];
Operacoes =[64423, 252020, 253000, 254000, 255000, 256000, 257000, 258000, 259000, 260000, 261000, 262000, 263000, 264000, 265000, 266000, 267000, 268000, 269000, 270000, 271000, 272000, 273000, 274000, 275000, 276000, 277000, 278000, 279000, 280000, 281000, 282000, 283000, 284000, 285000, 286000, 287000, 288000, 289000, 290000, 291000, 292000, 293000, 294000, 295000, 296000, 297000, 298000, 299000, 300000, 301000, 302000, 303000, 304000, 305000, 306000, 307000, 308000, 309000, 310000, 311000, 312000, 313000, 314000, 315000, 316000, 317000, 318000, 168432];
Tempos_tentados =[0.05859899999995832, 0.212115399999675, 0.22509859999991022, 0.25029240000003483, 0.26730850000058126, 0.28510780000033265, 0.2947196000004624, 0.3142098000007536, 0.33029830000123184, 0.3482132000008278, 0.3597496999991563, 0.3677466999997705, 0.37793390000115323, 0.3899288000011438, 0.39900649999981397, 0.41111649999947986, 0.41753739999876416, 0.43346290000044974, 0.4402284999996482, 0.4559039000014309, 0.4698391999991145, 0.451762200000303, 0.473868200000652, 0.4772529999991093, 0.48097169999891776, 0.5062136000015016, 0.49502129999928, 0.49709209999855375, 0.4994790999990073, 0.498214299999745, 0.513418599999568, 0.509016399999382, 0.5390103999998246, 0.5219180000003689, 0.5307123000002321, 0.534986900000149, 0.5270916000008583, 0.5398887999999715, 0.5506224000000657, 0.5721347000016976, 0.5540639999999257, 0.5638741000002483, 0.5573729999996431, 0.5674481000005471, 0.5936672999996517, 0.5664297000002989, 0.5620873999996547, 0.5789563000016642, 0.5659647000011319, 0.5736141999987012, 0.5808219000009558, 0.5806885000001785, 0.5818540999989636, 0.6001501999999164, 0.581456399999297, 0.566886999999042, 0.5909613999992871, 0.5979858999999124, 0.6033086999996158, 0.5881794000015361, 0.5897884000005433, 0.5749094999991939, 0.5757945999994263, 0.597078099999635, 0.5971747000003234, 0.5883897000003344, 0.5812678999991476, 0.5913423000001785, 0.30066290000104345];
N_Configurations =[250, 1000, 1000, 1000, 1000, 1000, 1000, 1000, 1000, 1000, 1000, 1000, 1000, 1000, 1000, 1000, 1000, 1000, 1000, 1000, 1000, 1000, 1000, 1000, 1000, 1000, 1000, 1000, 1000, 1000, 1000, 1000, 1000, 1000, 1000, 1000, 1000, 1000, 1000, 1000, 1000, 1000, 1000, 1000, 1000, 1000, 1000, 1000, 1000, 1000, 1000, 1000, 1000, 1000, 1000, 1000, 1000, 1000, 1000, 1000, 1000, 1000, 1000, 1000, 1000, 1000, 1000, 1000, 528];

%Parâmetros correspondentes ao K que retornou solução
Ks_solution =[69];
Operacoes =[168432];
Tempo =[0.30066290000104345];
N_Configurations =[528];
Solutions =[{128, 131, 5, 133, 8, 136, 16, 145, 17, 147, 148, 149, 22, 23, 144, 153, 154, 26, 28, 29, 159, 161, 34, 33, 164, 165, 162, 39, 171, 44, 173, 174, 47, 176, 172, 50, 182, 56, 189, 63, 193, 198, 77, 212, 85, 86, 215, 214, 89, 213, 219, 217, 91, 94, 96, 100, 229, 101, 102, 104, 232, 103, 231, 111, 240, 243, 245, 120, 123}];
Check_if_correct =[1];

%Parâmetros para gráficos
Total_operacoes =[19327875];
Total_configurations =[67778];
Total_time =[33.37927260000288];
